timestamp,open,high,low,close,volume
1262595600000,7.5707,7.6204,7.5707,7.6071,585312.0
1262610000000,7.6054,7.6586,7.5261,7.6371,285451432.0
1262624400000,7.6379,7.6607,7.625,7.6493,191212252.0
1262638800000,7.6507,7.6786,7.6312,7.6654,7383180.0
1262682000000,7.6911,7.6911,7.6686,7.6786,582288.0
1262696400000,7.6786,7.7036,7.6225,7.6821,293995604.0
1262710800000,7.6829,7.69,7.6161,7.6564,294396368.0
1262725200000,7.655,7.683,7.6539,7.6593,2875936.0
1262768400000,7.6668,7.6782,7.6464,7.6611,170100.0
1262782800000,7.6607,7.6868,7.6168,7.6254,207803428.0
1262797200000,7.6257,7.6304,7.5268,7.5336,328990004.0
1262811600000,7.5336,7.5564,7.5311,7.5561,4000892.0
1262826000000,7.6521,7.6521,7.6521,7.6521,5600.0
1262854800000,7.5357,7.5532,7.5357,7.5414,330120.0
1262869200000,7.5496,7.5961,7.4743,7.5225,256360860.0
1262883600000,7.5232,7.5457,7.4661,7.5207,208295304.0
1262898000000,7.5207,7.5261,7.5071,7.5239,2426872.0
1262941200000,7.5536,7.5543,7.5357,7.5357,111300.0
1262955600000,7.5421,7.5639,7.4664,7.56,237393548.0
1262970000000,7.56,7.5714,7.525,7.5675,189369684.0
1262984400000,7.5714,7.5736,7.5296,7.5679,5931576.0
1263200400000,7.6446,7.6554,7.6075,7.6125,513324.0
1263214800000,7.6125,7.6243,7.4786,7.5075,227540460.0
1263229200000,7.5079,7.5196,7.4446,7.5025,221482268.0
1263243600000,7.5071,7.5071,7.4764,7.4764,2092692.0
1263286800000,7.4768,7.4768,7.4286,7.4582,61908.0
1263301200000,7.4589,7.4918,7.4079,7.4671,295316644.0
1263315600000,7.4661,7.4693,7.3721,7.4189,281569204.0
1263330000000,7.4196,7.5039,7.3946,7.4175,5478088.0
1263373200000,7.4261,7.4557,7.4214,7.4429,212548.0
1263387600000,7.4346,7.4464,7.2893,7.3704,292951988.0
1263402000000,7.37,7.5332,7.37,7.5143,297629164.0
1263416400000,7.5246,7.5493,7.4462,7.5482,3519320.0
1263459600000,7.5411,7.5529,7.5193,7.5321,194684.0
1263891600000,7.4446,7.4446,7.3982,7.4093,613844.0
1263906000000,7.4107,7.6279,7.3546,7.6147,319529588.0
1263920400000,7.6146,7.6854,7.6146,7.68,385114352.0
1263934800000,7.6714,7.6946,7.6048,7.6571,16216144.0
1263978000000,7.6786,7.6839,7.6521,7.6786,576912.0
1263992400000,7.6732,7.6982,7.4821,7.5164,359158268.0
1264006800000,7.5161,7.5704,7.5054,7.5654,242147444.0
1264021200000,7.5679,7.5911,7.5236,7.5871,4450908.0
1264064400000,7.5714,7.6036,7.5618,7.5918,255220.0
1264078800000,7.6032,7.6184,7.4011,7.4411,290287004.0
1264093200000,7.4418,7.4929,7.4004,7.4371,303020900.0
1264107600000,7.4371,7.4682,7.375,7.4018,7954072.0
1264122000000,7.5971,7.5971,7.5971,7.5971,262472.0
1264150800000,7.4554,7.4554,7.39,7.3932,142548.0
1264165200000,7.4232,7.435,7.2596,7.2961,329063728.0
1264179600000,7.2982,7.3157,7.0414,7.0629,511322672.0
1264194000000,7.0611,7.3005,7.0568,7.0857,15047648.0
1264208400000,7.3136,7.3136,7.3136,7.3136,14000.0
1264410000000,7.175,7.2568,7.175,7.1946,1794408.0
1264424400000,7.1904,7.2807,7.1496,7.1761,447703620.0
1264438800000,7.1764,7.3107,7.1761,7.2321,449204532.0
1264453200000,7.2529,7.4404,6.9714,7.3179,159447568.0
1264496400000,7.3554,7.4764,7.3375,7.4496,5276936.0
1264510800000,7.4343,7.5279,7.235,7.5221,789789392.0
1264525200000,7.5218,7.6325,7.2964,7.3532,1048330584.0
1264539600000,7.3486,7.5814,7.3379,7.375,12473888.0
1264582800000,7.3961,7.4464,7.3786,7.4036,2388316.0
1264597200000,7.4021,7.4089,7.2071,7.2604,430895724.0
1264611600000,7.2604,7.5207,7.1261,7.4275,1262837268.0
1264626000000,7.4254,7.4339,7.2536,7.3964,13413232.0
1265014800000,6.8718,6.9107,6.8664,6.8918,782516.0
1265029200000,6.8761,7.0,6.8321,6.8911,445020856.0
1265043600000,6.8911,6.9752,6.8764,6.9538,285641972.0
1265058000000,6.9539,6.9629,6.9332,6.9607,4058264.0
1265101200000,6.9629,6.9996,6.9629,6.9818,209160.0
1265115600000,6.9786,7.0054,6.9064,6.9618,318131828.0
1265130000000,6.9611,7.0114,6.9521,6.9936,350107828.0
1265144400000,6.9904,6.995,6.9721,6.9875,2954812.0
1265187600000,7.0011,7.0011,6.9789,6.9857,45388.0
1265202000000,6.9821,7.125,6.9436,7.0836,320784632.0
1265216400000,7.0836,7.15,7.0661,7.115,283428740.0
1265230800000,7.1161,7.1464,7.0639,7.1461,4408628.0
1265274000000,7.1325,7.1325,7.0643,7.07,548156.0
1265288400000,7.0718,7.0846,6.8721,6.8939,344999676.0
1265302800000,6.8932,6.9389,6.8418,6.8571,392850864.0
1265317200000,6.8564,6.8646,6.8482,6.8532,8454600.0
1265360400000,6.8571,6.8604,6.7929,6.8332,554540.0
1265374800000,6.8232,6.9643,6.7957,6.9039,419282836.0
1265389200000,6.9043,7.0,6.8357,6.975,414024072.0
1265403600000,6.9811,6.9993,6.9746,6.9964,5909680.0
1265418000000,6.9157,6.9157,6.9111,6.9111,126000.0
1265619600000,6.9789,6.9882,6.9311,6.9882,168056.0
1265634000000,6.9754,7.0671,6.9575,7.035,227898048.0
1265648400000,7.0374,7.0461,6.9286,6.9289,208317536.0
1265662800000,6.9304,7.0127,6.8936,6.8964,12574604.0
1265706000000,6.9361,6.9961,6.9361,6.9861,744156.0
1265720400000,6.9821,7.0443,6.9554,7.02,326710020.0
1265734800000,7.0196,7.0536,6.9925,7.0068,293223028.0
1265749200000,7.0036,7.0121,6.9886,7.0111,2641352.0
1265792400000,7.0161,7.0514,7.0161,7.0339,246204.0
1265806800000,7.0271,7.0271,6.9379,6.9679,178037720.0
1265821200000,6.9686,7.0189,6.9561,6.9732,175794808.0
1265835600000,6.9725,6.9993,6.9661,6.9839,4270112.0
1265850000000,7.0068,7.0068,7.0068,7.0068,238000.0
1265878800000,6.9682,7.0014,6.9643,6.9979,183456.0
1266310800000,7.2107,7.2143,7.1757,7.1893,73276.0
1266325200000,7.1854,7.27,7.1846,7.2604,230033552.0
1266339600000,7.2607,7.2746,7.2396,7.265,274681260.0
1266354000000,7.2643,7.2679,7.2607,7.2679,2456468.0
1266397200000,7.2696,7.2946,7.2696,7.2921,125776.0
1266411600000,7.2857,7.3036,7.1896,7.2073,230326124.0
1266426000000,7.2079,7.2439,7.1736,7.2336,197961568.0
1266440400000,7.2307,7.2669,7.2254,7.2254,2587200.0
1266483600000,7.21,7.2279,7.21,7.2279,14000.0
1266498000000,7.2118,7.2818,7.1646,7.2546,222296396.0
1266512400000,7.2543,7.2782,7.2325,7.2514,189918708.0
1266526800000,7.25,7.2569,7.1793,7.1893,4547004.0
1266570000000,7.1821,7.2232,7.1821,7.2232,120232.0
1266584400000,7.22,7.2518,7.1825,7.2496,209034336.0
1266598800000,7.2496,7.2571,7.1839,7.2014,195316016.0
1266613200000,7.2025,7.2032,7.1911,7.1964,2576868.0
1266627600000,7.2368,7.2368,7.2368,7.2368,36400.0
1266829200000,7.21,7.225,7.2021,7.2175,96656.0
1266843600000,7.2214,7.2364,7.1171,7.125,214189276.0
1266858000000,7.125,7.1964,7.1139,7.1586,169614536.0
1266872400000,7.1557,7.1607,7.1507,7.1568,2071384.0
1266915600000,7.1764,7.1764,7.125,7.1304,57792.0
1266930000000,7.1304,7.1904,7.0471,7.0589,232502032.0
1266944400000,7.0593,7.0625,6.9896,7.035,323281476.0
1266958800000,7.0375,7.0596,7.0364,7.0493,2982756.0
1267002000000,7.0432,7.0804,7.0154,7.0679,752920.0
1267016400000,7.0636,7.175,7.0607,7.1507,238749448.0
1267030800000,7.1507,7.1943,7.1193,7.1625,211482768.0
1267045200000,7.1621,7.1768,7.1614,7.1661,2681532.0
1267088400000,7.1254,7.1364,7.1246,7.125,71568.0
1267102800000,7.125,7.1364,7.0318,7.0521,218920968.0
1267117200000,7.0514,7.245,7.0479,7.2143,439478452.0
1267131600000,7.2154,7.2207,7.2007,7.2121,2575552.0
1267174800000,7.2357,7.2464,7.2236,7.2296,564620.0
1267189200000,7.2286,7.3275,7.2143,7.3046,290339084.0
1267520400000,7.445,7.5086,7.4446,7.4854,441476.0
1267534800000,7.4893,7.5296,7.4607,7.5039,256376596.0
1267549200000,7.5032,7.5068,7.4193,7.4571,296834888.0
1267563600000,7.4536,7.4589,7.4464,7.4468,3180688.0
1267606800000,7.445,7.4589,7.4339,7.4339,114800.0
1267621200000,7.4421,7.4954,7.4264,7.4889,185578260.0
1267635600000,7.4886,7.4954,7.4432,7.4761,176468572.0
1267650000000,7.4757,7.4893,7.4711,7.4721,1369256.0
1267693200000,7.4836,7.4839,7.4704,7.4711,78484.0
1267707600000,7.475,7.5329,7.4511,7.5118,199045532.0
1267722000000,7.5118,7.5311,7.4929,7.5268,149162272.0
1267736400000,7.5254,7.6214,7.4693,7.6,14297220.0
1267779600000,7.5871,7.6232,7.5871,7.6029,602140.0
1267794000000,7.6071,7.8104,7.5964,7.8068,493348156.0
1267808400000,7.8065,7.8464,7.6786,7.8214,388592064.0
1267822800000,7.8161,7.8268,7.7484,7.8207,5373704.0
1268038800000,7.8268,7.8539,7.8243,7.8464,363272.0
1268053200000,7.8446,7.8893,7.7946,7.8322,253656536.0
1268067600000,7.8318,7.84,7.8143,7.8225,168457912.0
1268082000000,7.8193,7.8243,7.8057,7.8125,1933344.0
1268125200000,7.7857,7.7982,7.7686,7.7964,142436.0
1268139600000,7.7993,8.0061,7.7818,7.9893,436405144.0
1268154000000,7.9893,8.0357,7.9082,7.9704,469886872.0
1268168400000,7.9693,8.0291,7.9643,7.975,5707408.0
1268211600000,8.0007,8.0036,7.9932,8.0,215404.0
1268226000000,7.9946,8.0343,7.9714,8.0221,241389764.0
1268240400000,8.0221,8.0529,7.9968,8.03,348518296.0
1268254800000,8.0307,8.0393,8.0196,8.0196,2124136.0
1268298000000,8.0618,8.0618,8.025,8.025,135912.0
1268312400000,8.025,8.0307,7.9757,8.0221,182925708.0
1268326800000,8.0218,8.0536,7.9864,8.0536,209120184.0
1268341200000,8.0521,8.0614,8.0204,8.0446,3583356.0
1268384400000,8.0779,8.1068,8.0779,8.0907,496608.0
1268812800000,8.0221,8.0389,8.0211,8.0321,124404.0
1268827200000,8.0329,8.0875,8.0143,8.0689,158987052.0
1268841600000,8.0696,8.0739,7.9739,8.0025,281098524.0
1268856000000,8.0018,8.0079,7.9943,8.0079,3791116.0
1268899200000,7.9671,8.0232,7.9632,8.0029,51100.0
1268913600000,8.0054,8.0293,7.9504,7.9779,168718312.0
1268928000000,7.9771,8.0357,7.9618,8.0268,165067280.0
1268942400000,8.0246,8.0414,7.9896,7.9932,3681888.0
1268985600000,7.9896,8.0,7.9846,7.9911,67872.0
1269000000000,7.9975,8.0443,7.915,7.9436,319911284.0
1269014400000,7.9436,7.9518,7.9011,7.9361,190869084.0
1269028800000,7.9332,7.9475,7.9179,7.9214,11317432.0
1269244800000,7.9,7.9107,7.8775,7.8832,218652.0
1269259200000,7.8775,8.0643,7.8571,8.0243,234501540.0
1269273600000,8.0243,8.0714,8.0118,8.0314,196276500.0
1269288000000,8.0282,8.0493,8.0179,8.0429,2557016.0
1269302400000,8.0014,8.0257,8.0014,8.0257,221648.0
1269331200000,8.0454,8.0464,8.0321,8.0411,214200.0
1269345600000,8.0414,8.075,8.0036,8.0432,210139076.0
1269360000000,8.0432,8.1707,8.0407,8.1568,380146788.0
1269374400000,8.1557,8.1607,8.1486,8.1489,3532088.0
1269417600000,8.1596,8.1596,8.1,8.1254,541604.0
1269432000000,8.1254,8.2214,8.1161,8.2082,291692632.0
1269446400000,8.208,8.2161,8.1713,8.1914,282989336.0
1269460800000,8.1979,8.1993,8.1893,8.1925,16774520.0
1269504000000,8.2054,8.2346,8.2014,8.2279,317856.0
1269518400000,8.2261,8.2518,8.195,8.2458,236189912.0
1269532800000,8.2461,8.2464,8.0804,8.0975,287517972.0
1269547200000,8.095,8.2014,8.0893,8.1071,5582080.0
1269590400000,8.1679,8.2139,8.1679,8.2107,1528240.0
1269604800000,8.2107,8.2839,8.1625,8.2507,297415300.0
1269619200000,8.2518,8.2632,8.1854,8.2468,317560152.0
1269633600000,8.2464,8.2571,8.2436,8.2536,3276588.0
1269648000000,8.0896,8.0896,8.0896,8.0896,244552.0
1269849600000,8.3179,8.375,8.2964,8.3386,1391012.0
1270108800000,8.4021,8.4614,8.4018,8.4543,497224.0
1270123200000,8.46,8.5261,8.3929,8.4697,251665288.0
1270137600000,8.4696,8.4782,8.3125,8.4275,338183356.0
1270152000000,8.4264,8.4671,8.3804,8.4286,5819380.0
1270454400000,8.5,8.5114,8.3875,8.4696,1256192.0
1270468800000,8.4707,8.5089,8.3143,8.469,410403588.0
1270483200000,8.4689,8.5179,8.4625,8.5179,260797880.0
1270497600000,8.5174,8.5454,8.4652,8.53,6291628.0
1270540800000,8.5089,8.5393,8.5089,8.5304,534268.0
1270555200000,8.5304,8.5314,8.4643,8.5247,228215064.0
1270569600000,8.5243,8.58,8.5086,8.5593,209773760.0
1270584000000,8.5582,8.5607,8.5507,8.5582,2855216.0
1270627200000,8.5582,8.5589,8.5271,8.5361,152012.0
1270641600000,8.5361,8.6225,8.5357,8.6076,229985280.0
1270656000000,8.6071,8.64,8.5236,8.5907,387144380.0
1270670400000,8.5904,8.5982,8.5864,8.5864,5494664.0
1270713600000,8.5504,8.5904,8.5504,8.5714,147532.0
1270728000000,8.5714,8.5929,8.5014,8.5482,232002820.0
1270742400000,8.5489,8.6264,8.5461,8.5696,331582496.0
1270756800000,8.5693,8.5768,8.5143,8.5739,1647380.0
1270800000000,8.5893,8.6646,8.5893,8.625,526204.0
1270814400000,8.6232,8.6304,8.5825,8.6082,182611660.0
1270828800000,8.6082,8.6386,8.5893,8.6386,143187156.0
1270843200000,8.64,8.6482,8.6321,8.6464,3186120.0
1271059200000,8.6629,8.675,8.6375,8.6429,294896.0
1271073600000,8.65,8.675,8.6361,8.6679,165206020.0
1271088000000,8.6679,8.6811,8.6389,8.6539,153253604.0
1271102400000,8.6521,8.6681,8.6468,8.6486,8575420.0
1271116800000,8.6596,8.6596,8.6596,8.6596,33600.0
1271145600000,8.6357,8.65,8.6071,8.6464,88200.0
1271160000000,8.6504,8.6714,8.6111,8.6371,159281584.0
1271174400000,8.6379,8.6696,8.6221,8.655,133972272.0
1271188800000,8.6586,8.6904,8.63,8.6875,6074572.0
1271232000000,8.7054,8.7186,8.6857,8.6929,300328.0
1271404800000,8.8639,8.875,8.8536,8.8571,229824.0
1271419200000,8.8611,8.9693,8.7964,8.8344,426891388.0
1271433600000,8.8354,8.8725,8.7339,8.8371,302689380.0
1271448000000,8.8429,8.8464,8.8304,8.8354,4382532.0
1271664000000,8.8068,8.8186,8.75,8.8036,299768.0
1271678400000,8.7857,8.8532,8.6893,8.6989,233213736.0
1271692800000,8.6975,8.8243,8.6346,8.8243,321807052.0
1271707200000,8.8204,8.8321,8.8029,8.8179,3268916.0
1271721600000,8.7786,8.7786,8.7786,8.7786,5600.0
1271750400000,8.8821,8.8929,8.8575,8.8607,388332.0
1271764800000,8.8643,8.9018,8.677,8.7661,280137704.0
1271779200000,8.7664,8.8171,8.7,8.7361,289382184.0
1271793600000,8.7307,9.4643,8.7086,9.1946,160886656.0
1271808000000,8.7657,8.7657,8.7657,8.7657,198800.0
1271836800000,9.125,9.2846,9.0732,9.2679,3004680.0
1271851200000,9.265,9.3214,9.1332,9.2304,647559612.0
1271865600000,9.2295,9.2832,9.2089,9.2586,304917816.0
1271880000000,9.2582,9.275,9.2089,9.2357,8205624.0
1271923200000,9.2689,9.2732,9.2071,9.2214,744380.0
1271937600000,9.2196,9.2529,9.15,9.2164,252819168.0
1271952000000,9.2179,9.5268,9.2086,9.5118,525931952.0
1271966400000,9.5179,9.5318,9.2257,9.5071,6774992.0
1272009600000,9.5264,9.5714,9.5121,9.5586,689024.0
1272024000000,9.55,9.7207,9.5357,9.6207,510046600.0
1272038400000,9.6207,9.7029,9.6036,9.6732,266081704.0
1272052800000,9.6725,9.6839,9.5129,9.6775,8599556.0
1272268800000,9.7143,9.7429,9.7143,9.7321,415744.0
1272283200000,9.7321,9.7321,9.5843,9.6225,260426376.0
1272297600000,9.6225,9.6725,9.5782,9.625,190171828.0
1272312000000,9.6175,9.6446,9.6075,9.6129,7295568.0
1272355200000,9.5807,9.5911,9.4932,9.5571,543256.0
1272369600000,9.5479,9.5661,9.3043,9.3832,333906608.0
1272873600000,9.3704,9.4179,9.3318,9.4161,627480.0
1272888000000,9.4161,9.5318,9.3246,9.5154,225786988.0
1272902400000,9.5161,9.5671,9.4893,9.5129,213126060.0
1272916800000,9.505,9.5175,9.4829,9.4911,9053996.0
1272960000000,9.5018,9.5018,9.4068,9.4114,606508.0
1272974400000,9.4139,9.425,9.1696,9.2657,353221120.0
1272988800000,9.2654,9.2821,9.1736,9.2379,354370156.0
1273003200000,9.2393,9.25,9.2071,9.2171,5329380.0
1273046400000,9.1536,9.2168,9.1393,9.1929,545356.0
1273060800000,9.1911,9.2079,8.8832,9.2043,529066020.0
1273075200000,9.2014,9.2193,8.9376,9.1471,340325468.0
1273089600000,9.1475,9.1554,8.6643,9.1464,5552092.0
1273104000000,9.1446,9.1446,9.1446,9.1446,210000.0
1273132800000,9.1129,9.2857,9.1129,9.15,392952.0
1273147200000,9.155,9.2232,9.0357,9.1129,314581204.0
1273161600000,9.1136,9.1285,7.1161,8.7875,939338232.0
1273176000000,8.7882,8.9816,8.5196,8.6429,18348820.0
1273219200000,8.6714,8.8471,8.6429,8.7907,3628100.0
1273233600000,8.7857,8.8443,8.0432,8.5804,965095124.0
1273248000000,8.5793,8.6736,8.2789,8.4221,681726584.0
1273262400000,8.4111,8.4286,8.3761,8.4025,10126928.0
1273478400000,9.1071,9.1429,8.875,8.8907,6448540.0
1273492800000,8.8893,9.0946,8.8082,9.0685,586212956.0
1273507200000,9.0682,9.085,8.9936,9.0675,361266220.0
1273521600000,9.0707,9.1089,8.9704,9.0771,13015324.0
1273564800000,9.0536,9.0536,8.9293,8.9736,871248.0
1273579200000,8.9746,9.2286,8.94,9.2111,389416300.0
1273593600000,9.2104,9.2818,9.1204,9.1632,444098564.0
1273608000000,9.1536,9.2132,9.0993,9.1164,6832364.0
1273651200000,9.1614,9.2429,9.1518,9.2321,1078532.0
1274083200000,9.0354,9.1254,9.0354,9.1196,249480.0
1274097600000,9.1111,9.1493,8.9332,8.9371,321659520.0
1274112000000,8.9375,9.0821,8.8468,9.0768,430511536.0
1274126400000,9.0707,9.0879,8.9946,9.0818,4784024.0
1274169600000,9.1293,9.1482,9.0982,9.1389,680288.0
1274184000000,9.1429,9.2339,8.9996,9.0357,356967632.0
1274198400000,9.0357,9.1132,8.9379,9.0118,404447988.0
1274212800000,9.0118,9.0264,8.9179,8.9286,11058516.0
1274256000000,8.9125,8.9375,8.86,8.9321,574924.0
1274270400000,8.9311,9.0329,8.7446,8.7911,533863764.0
1274284800000,8.7889,8.9286,8.7614,8.8682,472092292.0
1274299200000,8.8564,8.8821,8.8188,8.8821,10865204.0
1274342400000,8.8571,8.8804,8.6993,8.7143,1036392.0
1274356800000,8.71,8.7375,8.5018,8.5939,544297404.0
1274371200000,8.5914,8.7089,8.4361,8.4846,710868732.0
1274385600000,8.4782,8.5696,8.3679,8.3929,13233528.0
1274428800000,8.4182,8.5136,8.2504,8.3479,2620604.0
1274443200000,8.3671,8.7321,8.2625,8.6732,703962028.0
1274457600000,8.6746,8.7204,8.515,8.6546,493234224.0
1274472000000,8.6543,8.6686,8.5554,8.6686,12041904.0
1274688000000,8.6889,8.7043,8.5807,8.6914,1859424.0
1274702400000,8.6843,8.9443,8.6632,8.9129,399200200.0
1274716800000,8.9118,8.9607,8.8114,8.8125,338745960.0
1274731200000,8.8107,8.9403,8.7393,8.7504,7069468.0
1274745600000,8.9261,8.9261,8.9261,8.9261,2800.0
1274774400000,8.5714,8.6786,8.5343,8.6207,1251376.0
1274788800000,8.6221,8.6646,8.47,8.5986,485163532.0
1274803200000,8.6007,8.8129,8.5179,8.7571,538074292.0
1274817600000,8.7561,8.8268,8.6098,8.8229,9008104.0
1274832000000,8.8086,8.8086,8.8086,8.8086,103600.0
1274860800000,8.8839,8.9018,8.8554,8.8929,1343468.0
1275379200000,9.1714,9.2393,9.1211,9.2357,1368472.0
1275393600000,9.2296,9.4711,9.1743,9.3754,405806604.0
1275408000000,9.3764,9.4979,9.2957,9.3143,449596028.0
1275422400000,9.315,9.3482,9.295,9.3479,9159108.0
1275465600000,9.3932,9.4407,9.3654,9.4071,807688.0
1275480000000,9.4071,9.4571,9.325,9.3921,313079676.0
1275494400000,9.3932,9.4268,9.2977,9.4264,355510960.0
1275508800000,9.4186,9.4418,9.4107,9.4246,7541660.0
1275523200000,9.3932,9.3932,9.3932,9.3932,184800.0
1275552000000,9.5575,9.5575,9.4532,9.4986,927136.0
1275566400000,9.4954,9.5032,9.3571,9.3943,303855580.0
1275580800000,9.3968,9.4264,9.3004,9.4036,331075388.0
1275595200000,9.4068,9.4096,9.3793,9.4018,4241916.0
1275638400000,9.4279,9.4554,9.31,9.3179,557032.0
1275652800000,9.3214,9.3661,9.1821,9.2818,330794996.0
1275667200000,9.2807,9.2814,9.0939,9.1459,405254752.0
1275681600000,9.1461,9.1607,9.1071,9.1143,10775716.0
1275897600000,9.1754,9.2468,9.1754,9.2143,780528.0
1275912000000,9.2161,9.2571,9.005,9.0979,333203696.0
1275926400000,9.0979,9.1875,8.9482,8.9625,536189360.0
1275940800000,8.9636,9.0071,8.9571,9.0071,7132384.0
1275955200000,9.0979,9.0979,9.0979,9.0979,5600.0
1275984000000,9.0696,9.0696,9.0,9.0,462140.0
1275998400000,9.0086,9.0939,8.8514,8.9958,446689236.0
1276012800000,8.9968,9.0179,8.7732,8.9064,538122480.0
1276027200000,8.9014,8.9488,8.8647,8.9286,5293176.0
1276041600000,8.97,8.97,8.97,8.97,193200.0
1276070400000,9.0036,9.0111,8.8807,9.0111,354032.0
1276084800000,9.0,9.0075,8.8,8.9046,379009176.0
1276099200000,8.9039,8.9811,8.6604,8.6861,461309268.0
1276113600000,8.6861,8.6964,8.6696,8.6854,5766600.0
1276128000000,8.9096,8.9096,8.9096,8.9096,539000.0
1276156800000,8.7746,8.8114,8.6929,8.7179,1008840.0
1276171200000,8.7143,8.8511,8.65,8.8075,368065460.0
1276588800000,9.0814,9.15,9.0789,9.1411,226940.0
1276603200000,9.1429,9.2321,9.0971,9.2179,223306916.0
1276617600000,9.2175,9.2804,9.2018,9.2786,329213276.0
1276632000000,9.28,9.28,9.2325,9.2496,7224224.0
1276675200000,9.2321,9.2821,9.2196,9.2518,406140.0
1276689600000,9.2536,9.4954,9.2071,9.4918,375361336.0
1276704000000,9.4918,9.5625,9.4654,9.5457,396667852.0
1276718400000,9.5446,9.5625,9.3909,9.5536,4981060.0
1276761600000,9.5789,9.6304,9.5789,9.6143,1113644.0
1276776000000,9.6143,9.7464,9.5786,9.7026,530687528.0
1276790400000,9.7026,9.7268,9.6393,9.7079,325965024.0
1276804800000,9.7111,9.7261,9.6872,9.7179,6844124.0
1276848000000,9.68,9.7768,9.6611,9.7589,1907276.0
1276862400000,9.7546,9.8214,9.6936,9.7843,458653524.0
1276876800000,9.7836,9.8067,9.7429,9.7882,285311684.0
1276891200000,9.7889,9.7925,9.7786,9.7843,12049828.0
1276905600000,9.7846,9.7911,9.7846,9.7911,100800.0
1277107200000,9.9464,9.9589,9.8996,9.9286,1125628.0
1277121600000,9.9279,9.9646,9.8286,9.8465,329044940.0
1277136000000,9.8471,9.9196,9.5975,9.6557,431685660.0
1277150400000,9.6536,9.7032,9.6486,9.6996,9770712.0
1277193600000,9.7118,9.7139,9.6661,9.6925,1365616.0
1277208000000,9.6936,9.8409,9.6825,9.7918,349087060.0
1277222400000,9.7943,9.8561,9.7225,9.7664,350726572.0
1277236800000,9.7707,9.7929,9.7643,9.7925,6872796.0
1277280000000,9.8393,9.8929,9.8,9.8354,1605324.0
1277294400000,9.8357,9.8482,9.5679,9.655,396798360.0
1277308800000,9.6546,9.7539,9.6071,9.6779,358881180.0
1277323200000,9.6761,9.6875,9.6375,9.6482,3193540.0
1277366400000,9.6429,9.6518,9.6021,9.6136,522424.0
1277380800000,9.6121,9.757,9.5989,9.6586,352372160.0
1277884800000,9.2139,9.2661,9.1782,9.2093,808500.0
1277899200000,9.2143,9.2286,9.0825,9.1714,361420808.0
1277913600000,9.1711,9.2025,8.9289,8.9836,341560548.0
1277928000000,8.9786,9.1777,8.9614,8.9893,11850692.0
1277942400000,9.175,9.175,9.175,9.175,2800.0
1277971200000,9.0,9.1079,8.9911,9.0336,1158640.0
1277985600000,9.0286,9.1214,8.6864,8.87,599976356.0
1278000000000,8.8696,8.9454,8.7946,8.8739,402364256.0
1278014400000,8.8743,8.9,8.85,8.8829,8009652.0
1278057600000,8.9107,8.9786,8.8929,8.9157,592284.0
1278072000000,8.9196,8.9618,8.7536,8.7725,299617668.0
1278086400000,8.7746,8.9071,8.6857,8.8214,377926472.0
1278100800000,8.8154,8.8246,8.7857,8.7929,5259296.0
1278403200000,8.9286,8.9911,8.8929,8.9268,1167012.0
1278417600000,8.9271,9.0286,8.8571,8.9564,270734884.0
1278432000000,8.9564,8.9757,8.7914,8.8786,323826020.0
1278446400000,8.88,8.9161,8.8214,8.9057,7730856.0
1278489600000,8.85,8.8929,8.85,8.8911,222908.0
1278504000000,8.895,9.0661,8.8586,9.0349,300168624.0
1278518400000,9.0343,9.2418,9.0329,9.2418,331835700.0
1278532800000,9.2414,9.2675,9.0779,9.2536,9836092.0
1278576000000,9.2714,9.3018,9.245,9.2621,712348.0
1278590400000,9.2575,9.3925,9.1286,9.1521,384750688.0
1278604800000,9.1514,9.2375,9.1032,9.2143,339666516.0
1278619200000,9.2125,9.2214,9.1982,9.2004,4645844.0
1278662400000,9.2321,9.25,9.1786,9.1875,248220.0
1278676800000,9.2032,9.2332,9.1129,9.195,219404472.0
1278691200000,9.1975,9.2821,9.1757,9.275,205647988.0
1278705600000,9.2732,9.2821,9.2239,9.2811,2503032.0
1278921600000,9.2507,9.2571,9.2286,9.2571,55076.0
1278936000000,9.2586,9.3518,9.1021,9.1144,286170388.0
1278950400000,9.115,9.2275,9.1149,9.1893,268411276.0
1279180800000,8.9736,9.0268,8.9304,8.9643,1216488.0
1279195200000,8.9679,9.0079,8.8321,8.8871,406493024.0
1279209600000,8.8882,9.1775,8.8611,8.975,393894228.0
1279224000000,8.9725,9.0889,8.9357,9.0257,10508372.0
1279267200000,9.0214,9.0589,8.9929,9.0104,411348.0
1279281600000,9.0104,9.0643,8.8946,8.8946,322480648.0
1279296000000,8.8946,9.1061,8.8718,8.9236,683675804.0
1279310400000,8.9261,8.9375,8.9107,8.9304,18311328.0
1279324800000,8.9186,8.9889,8.9186,8.9889,427000.0
1279526400000,8.9461,9.0175,8.8807,8.8932,3711456.0
1279540800000,8.9043,8.9511,8.5571,8.6571,599210164.0
1279555200000,8.6568,8.7786,8.6,8.7729,404325740.0
1279569600000,8.7689,8.7739,8.6707,8.6929,9658012.0
1279612800000,8.735,8.7357,8.6571,8.6957,417788.0
1279627200000,8.6964,8.8346,8.5718,8.8129,394708412.0
1279641600000,8.8157,9.0321,8.8125,9.0025,511215992.0
1279656000000,9.0029,9.3929,8.7596,9.2571,163384368.0
1279699200000,9.25,9.3714,9.25,9.3482,4853408.0
1279713600000,9.3482,9.5168,9.1479,9.23,721253568.0
1279728000000,9.2293,9.2657,9.0714,9.0804,443355080.0
1279742400000,9.0821,9.0911,9.0636,9.0875,7370328.0
1279785600000,9.1075,9.1957,9.1075,9.1875,1206800.0
1279800000000,9.1836,9.2857,9.1182,9.2321,352268532.0
1279814400000,9.2329,9.2857,9.2075,9.2604,272079444.0
1279828800000,9.2604,9.2604,9.2064,9.2429,6848660.0
1279872000000,9.2482,9.3193,9.2482,9.3,540540.0
1279886400000,9.2986,9.2986,9.1529,9.2286,216617268.0
1279900800000,9.2289,9.2993,9.1807,9.2875,299455828.0
1279915200000,9.2821,9.2893,9.2764,9.2832,5848444.0
1280131200000,9.2871,9.2957,9.2386,9.275,198576.0
1280476800000,9.1982,9.2075,9.1782,9.185,107520.0
1280491200000,9.1846,9.2582,9.1036,9.2205,227125724.0
1280505600000,9.2207,9.275,9.1504,9.1889,198295188.0
1280520000000,9.1875,9.1932,9.1714,9.1786,6303136.0
1280736000000,9.2339,9.2764,9.2339,9.2525,329812.0
1280750400000,9.2521,9.3782,9.1875,9.3679,224383460.0
1280764800000,9.3679,9.3732,9.3161,9.3489,189132692.0
1280779200000,9.3486,9.3532,9.3411,9.3532,4023964.0
1280822400000,9.3561,9.3561,9.3393,9.3393,72100.0
1280836800000,9.3393,9.4021,9.265,9.3932,190189552.0
1280851200000,9.3925,9.3936,9.3104,9.3543,187207972.0
1280865600000,9.3543,9.3754,9.3429,9.3468,5702200.0
1280908800000,9.3214,9.3632,9.3214,9.3393,90328.0
1280923200000,9.335,9.4386,9.2968,9.3479,244120352.0
1280937600000,9.3482,9.3993,9.3464,9.3907,168162148.0
1280952000000,9.3918,9.3946,9.3718,9.3911,1641808.0
1280995200000,9.4107,9.4286,9.3964,9.4107,193704.0
1281009600000,9.3971,9.4186,9.3054,9.3311,158834256.0
1281024000000,9.3331,9.365,9.3107,9.3464,125338584.0
1281038400000,9.3468,9.3489,9.3357,9.3393,1534400.0
1281052800000,9.335,9.335,9.335,9.335,19600.0
1281081600000,9.3479,9.3479,9.3479,9.3479,3360.0
1281096000000,9.3432,9.3529,9.2196,9.2479,223657532.0
1281110400000,9.2486,9.2968,9.2011,9.2911,212168180.0
1281124800000,9.2886,9.2893,9.2482,9.2821,4844084.0
1281340800000,9.2964,9.3143,9.2575,9.3079,340704.0
1281355200000,9.3132,9.3393,9.2704,9.2986,132676040.0
1281369600000,9.2986,9.3625,9.2961,9.35,160798092.0
1281384000000,9.3454,9.3568,9.3071,9.3446,2215612.0
1281427200000,9.3161,9.3161,9.2821,9.2821,183764.0
1281441600000,9.2857,9.3036,9.2079,9.2457,197086092.0
1281456000000,9.2457,9.3018,9.1982,9.2643,246004220.0
1281470400000,9.2589,9.2679,9.2511,9.2589,2593220.0
1281513600000,9.1982,9.1982,9.1643,9.1804,482692.0
1281528000000,9.1829,9.1957,8.9404,8.9636,306516756.0
1281945600000,8.8964,8.9107,8.8486,8.8486,98336.0
1281960000000,8.8396,8.9232,8.8214,8.9032,148517628.0
1281974400000,8.9032,8.9289,8.8079,8.8454,159862388.0
1281988800000,8.8443,8.8696,8.8396,8.85,2791376.0
1282032000000,8.9261,8.9261,8.8929,8.9132,53452.0
1282046400000,8.9039,9.0411,8.8911,9.0389,207853912.0
1282060800000,9.0396,9.0939,8.9914,9.0043,200723096.0
1282075200000,8.9964,9.043,8.9864,9.0068,3218684.0
1282118400000,8.9964,9.0346,8.9964,9.0307,137144.0
1282132800000,9.0286,9.08,8.985,9.0693,161313852.0
1282147200000,9.0689,9.0954,9.025,9.0382,163229640.0
1282161600000,9.0411,9.0421,8.9982,9.0214,7286888.0
1282176000000,9.0029,9.0654,9.0029,9.0654,584360.0
1282204800000,9.065,9.0661,9.0518,9.0518,104720.0
1282219200000,9.0589,9.0857,8.8814,8.9093,216173356.0
1282233600000,8.9096,8.9571,8.8857,8.9225,195006196.0
1282248000000,8.9286,8.9307,8.9175,8.9236,2500848.0
1282305600000,8.8768,9.0686,8.8704,8.9032,205598624.0
1282320000000,8.9036,8.9475,8.8982,8.9164,166228888.0
1282334400000,8.9171,8.9314,8.9154,8.9279,4568508.0
1282348800000,8.9386,8.9386,8.9386,8.9386,701400.0
1282550400000,8.9446,8.9893,8.9446,8.9818,260400.0
1282564800000,8.9732,9.0,8.8268,8.8414,194903240.0
1282579200000,8.8418,8.8654,8.7589,8.7786,201205620.0
1282593600000,8.7754,8.7843,8.7607,8.7639,2077488.0
1282636800000,8.75,8.75,8.6929,8.6957,381780.0
1282651200000,8.7036,8.7446,8.5232,8.6393,345479008.0
1282665600000,8.6386,8.6575,8.5664,8.5804,232188544.0
1282680000000,8.5768,8.5796,8.5196,8.5661,13513416.0
1282723200000,8.6171,8.6296,8.5343,8.5536,244468.0
1282737600000,8.5546,8.5829,8.4714,8.5525,302056468.0
1282752000000,8.5521,8.7139,8.515,8.6746,280400652.0
1282766400000,8.6743,8.7082,8.6611,8.7036,5630492.0
1282809600000,8.7096,8.75,8.6943,8.6975,392000.0
1282824000000,8.7018,8.7768,8.6582,8.6893,242542300.0
1283155200000,8.65,8.65,8.6254,8.6393,167832.0
1283169600000,8.6329,8.7768,8.5914,8.7071,195205612.0
1283184000000,8.7061,8.7446,8.6561,8.6611,170019948.0
1283198400000,8.6607,8.715,8.6286,8.675,6578292.0
1283241600000,8.6786,8.6786,8.615,8.6493,195216.0
1283256000000,8.6396,8.7343,8.5839,8.6893,189771512.0
1283270400000,8.6896,8.7343,8.6354,8.6918,205876384.0
1283284800000,8.6821,8.7293,8.6821,8.7264,7085624.0
1283328000000,8.7679,8.7857,8.7554,8.7775,643468.0
1283342400000,8.775,8.9786,8.6821,8.9714,297817380.0
1283356800000,8.9714,8.9807,8.8829,8.9382,374352524.0
1283371200000,8.9371,8.9571,8.9171,8.95,11243820.0
1283414400000,8.9729,8.9875,8.9418,8.9554,242900.0
1283428800000,8.9504,9.0246,8.8775,8.935,213705156.0
1283443200000,8.9336,9.0061,8.9225,9.0061,191136176.0
1283457600000,9.0039,9.0168,9.0,9.0057,5153652.0
1283500800000,9.0079,9.0079,8.9554,8.995,194180.0
1283515200000,8.9929,9.1929,8.9829,9.1711,264300960.0
1283529600000,9.1704,9.2421,9.1611,9.2418,215475288.0
1283544000000,9.2414,9.2489,9.225,9.23,3957380.0
1283558400000,9.1421,9.1421,9.1421,9.1421,16800.0
1283846400000,9.1782,9.1961,9.1268,9.1929,578648.0
1283860800000,9.1918,9.2689,9.1518,9.2504,189931140.0
1283875200000,9.2504,9.2585,9.1986,9.2125,144975768.0
1283889600000,9.2121,9.2256,9.2071,9.2193,2575384.0
1283932800000,9.1968,9.3043,9.1679,9.2875,475720.0
1283947200000,9.2896,9.3946,9.2536,9.3854,250325908.0
1283961600000,9.3861,9.4425,9.3657,9.3896,260314376.0
1283976000000,9.3854,9.4104,9.2479,9.4043,5361608.0
1284019200000,9.3757,9.425,9.3757,9.4125,223636.0
1284033600000,9.4139,9.5186,9.3929,9.5086,211938972.0
1284048000000,9.5084,9.5107,9.3936,9.3954,214148060.0
1284062400000,9.4036,9.4089,9.375,9.3789,4533816.0
1284105600000,9.4375,9.4375,9.4107,9.4171,179368.0
1284120000000,9.4132,9.4464,9.3357,9.3978,201272036.0
1284364800000,9.4214,9.4961,9.4214,9.475,283920.0
1284379200000,9.4732,9.5814,9.4725,9.5482,201912144.0
1284393600000,9.5486,9.5571,9.5229,9.5464,166737284.0
1284408000000,9.54,9.5471,9.5354,9.5464,4999820.0
1284451200000,9.5021,9.5196,9.4911,9.5089,140196.0
1284465600000,9.5107,9.5911,9.4829,9.5879,200153912.0
1284480000000,9.5875,9.6132,9.5568,9.5729,195648516.0
1284494400000,9.5675,9.6121,9.5589,9.5864,4901344.0
1284537600000,9.5893,9.6014,9.5743,9.6,65800.0
1284552000000,9.6004,9.6368,9.5582,9.6246,196557564.0
1284566400000,9.6248,9.6564,9.6232,9.6511,209227760.0
1284580800000,9.6536,9.6871,9.5732,9.6864,5006288.0
1284624000000,9.6536,9.6875,9.6536,9.68,401884.0
1284638400000,9.68,9.7311,9.625,9.7218,255301116.0
1284652800000,9.7211,9.8811,9.7107,9.8775,372807680.0
1284667200000,9.8786,9.9443,9.6719,9.9214,10003448.0
1284710400000,9.9454,9.9554,9.8775,9.9004,675220.0
1284724800000,9.8932,9.9393,9.7743,9.8493,376728716.0
1284739200000,9.8482,9.8782,9.8132,9.8379,202786052.0
1284753600000,9.8379,9.8425,9.8143,9.8179,19609212.0
1284969600000,9.8571,9.8764,9.8489,9.8682,119700.0
1284984000000,9.8739,10.0629,9.8482,10.0254,330932980.0
1284998400000,10.0254,10.135,10.0133,10.1264,315148736.0
1285012800000,10.1189,10.1214,10.1079,10.1157,5208784.0
1285056000000,10.1154,10.125,10.0982,10.1071,181160.0
1285070400000,10.1071,10.1752,10.0929,10.14,269091816.0
1285084800000,10.1375,10.2625,10.1,10.1482,381409784.0
1285099200000,10.1479,10.1591,10.0793,10.1161,12516252.0
1285142400000,10.125,10.125,10.0889,10.0946,361984.0
1285156800000,10.0914,10.285,10.0754,10.2357,330784356.0
1285171200000,10.2354,10.2768,10.1107,10.2764,237096384.0
1285185600000,10.2739,10.2875,10.2125,10.285,6330072.0
1285228800000,10.2411,10.2411,10.2157,10.2289,352660.0
1285660800000,10.4196,10.4393,10.3939,10.4018,218120.0
1285675200000,10.4121,10.4375,9.8214,10.2932,662422180.0
1285689600000,10.2929,10.3146,10.0811,10.2446,357292404.0
1285704000000,10.2468,10.2679,10.2429,10.2607,5635196.0
1285747200000,10.2682,10.3,10.2589,10.2654,103600.0
1285761600000,10.2607,10.3504,10.2371,10.3014,213369576.0
1285776000000,10.3018,10.3093,10.2143,10.2621,245936656.0
1285790400000,10.2621,10.2746,10.2396,10.2407,3255896.0
1285833600000,10.2607,10.2611,10.2589,10.2589,12656.0
1285848000000,10.2586,10.3571,10.0446,10.1514,377635636.0
1285862400000,10.1518,10.2304,10.1,10.1339,268750440.0
1285876800000,10.1371,10.1768,10.1329,10.1536,6885284.0
1285920000000,10.1964,10.1968,10.1539,10.1961,169540.0
1285934400000,10.1964,10.235,10.0482,10.1267,257209344.0
1285948800000,10.1257,10.1489,10.0814,10.09,181083616.0
1285963200000,10.0946,10.1032,10.0843,10.0936,3764348.0
1286179200000,10.0396,10.0775,10.0321,10.0543,128380.0
1286193600000,10.0636,10.1036,9.9404,9.9443,224870436.0
1286208000000,9.9432,9.9925,9.9204,9.95,200666144.0
1286222400000,9.9561,9.9804,9.9263,9.9732,5024516.0
1286265600000,10.0,10.0714,10.0,10.0125,59976.0
1286280000000,10.0071,10.25,10.0057,10.2382,272492164.0
1286294400000,10.2382,10.3371,10.2214,10.3371,200793320.0
1286308800000,10.3375,10.3411,10.2768,10.3411,9926280.0
1286352000000,10.3607,10.3821,10.3518,10.375,689808.0
1286366400000,10.3768,10.4282,10.2314,10.3007,281435756.0
1286380800000,10.3018,10.3493,10.1879,10.32,372496180.0
1286395200000,10.3282,10.3486,10.2964,10.3025,7135100.0
1286438400000,10.3675,10.3714,10.3446,10.3464,226632.0
1286452800000,10.3432,10.3929,10.2468,10.3104,207228588.0
1286467200000,10.3104,10.3686,10.2732,10.325,192141264.0
1286481600000,10.3318,10.3514,10.3257,10.3364,4126780.0
1286524800000,10.3071,10.3282,10.2961,10.3157,97160.0
1286956800000,10.7257,10.7743,10.7143,10.7468,1507212.0
1286971200000,10.7468,10.7843,10.7143,10.7636,286277348.0
1286985600000,10.7636,10.7754,10.7071,10.7171,255333344.0
1287000000000,10.7214,10.7541,10.7104,10.7143,59759196.0
1287014400000,10.6736,10.6736,10.6736,10.6736,6816600.0
1287043200000,10.7582,10.7632,10.7286,10.7586,313236.0
1287057600000,10.7536,10.8261,10.7286,10.775,227732176.0
1287072000000,10.7743,10.7966,10.7329,10.7954,183587208.0
1287086400000,10.7946,10.9071,10.7193,10.8807,13374032.0
1287129600000,10.8882,10.8929,10.8214,10.8439,902720.0
1287144000000,10.8429,11.0882,10.8321,11.0521,478569392.0
1287158400000,11.0521,11.25,11.0393,11.2489,403956364.0
1287172800000,11.2471,11.3132,11.2321,11.3,19896156.0
1287388800000,11.3182,11.3314,11.2275,11.2896,1627248.0
1287403200000,11.2964,11.4246,11.2246,11.2961,467784632.0
1287417600000,11.2961,11.3643,11.2275,11.3543,472621268.0
1287432000000,11.3539,11.3746,10.4554,10.6607,155765904.0
1287475200000,10.7486,10.8186,10.6986,10.75,3191216.0
1287489600000,10.75,11.2061,10.715,11.133,770580496.0
1287504000000,11.135,11.1679,10.94,11.0589,433537720.0
1287518400000,11.0589,11.0604,10.9464,10.9529,11394600.0
1287561600000,11.0318,11.0639,11.0179,11.0536,940744.0
1287576000000,11.05,11.1964,10.9596,11.1604,347500048.0
1287590400000,11.1593,11.2232,11.0585,11.0904,358410976.0
1287604800000,11.08,11.1164,11.0682,11.0857,7595476.0
1287619200000,11.1714,11.1714,11.1714,11.1714,1181600.0
1287648000000,11.1607,11.2143,11.1429,11.1957,940576.0
1287662400000,11.1711,11.2407,11.0743,11.1093,274508304.0
1287676800000,11.1089,11.1118,10.9571,11.0495,258334496.0
1287691200000,11.0536,11.0811,10.9429,10.9557,7935004.0
1287734400000,10.9643,11.025,10.9643,11.025,202664.0
1288252800000,10.93,10.9657,10.9214,10.95,542080.0
1288267200000,10.9518,11.0175,10.8364,10.8536,227302180.0
1288281600000,10.8525,10.9443,10.7464,10.9011,311468164.0
1288296000000,10.9007,10.9179,10.8629,10.89,4757536.0
1288339200000,10.8414,10.8661,10.8368,10.86,93380.0
1288353600000,10.8629,10.9243,10.7857,10.8057,162353240.0
1288368000000,10.8057,10.8804,10.7457,10.7457,235443460.0
1288382400000,10.7482,10.7639,10.7168,10.7443,11390596.0
1288598400000,10.8471,10.8571,10.8029,10.8029,400372.0
1288612800000,10.8039,10.9143,10.7454,10.8546,256508812.0
1288627200000,10.855,10.8704,10.8036,10.8636,157060680.0
1288641600000,10.8486,10.8704,10.8329,10.8464,4923352.0
1288684800000,10.8896,10.9407,10.8893,10.9346,414596.0
1288699200000,10.9357,11.0589,10.9154,11.0143,187226116.0
1288713600000,11.015,11.0782,11.0089,11.0607,228223072.0
1288728000000,11.0546,11.1014,11.0443,11.0979,7308784.0
1288771200000,11.095,11.095,11.0757,11.0889,303520.0
1288785600000,11.0907,11.1429,11.0368,11.0579,194871572.0
1288800000000,11.0557,11.1743,11.0189,11.1696,301666176.0
1288814400000,11.1711,11.1925,11.1689,11.1757,6508124.0
1288857600000,11.1907,11.2775,11.1789,11.2464,482776.0
1288872000000,11.2464,11.435,11.2439,11.3786,360965500.0
1288886400000,11.3771,11.3914,11.3143,11.3661,244426504.0
1288900800000,11.3625,11.3675,11.3093,11.3107,15296540.0
1288944000000,11.3393,11.3393,11.29,11.3275,221480.0
1288958400000,11.3221,11.4132,11.3214,11.3396,185758552.0
1288972800000,11.3393,11.3786,11.3125,11.3261,160322680.0
1288987200000,11.3236,11.355,11.3061,11.3546,4537792.0
1289203200000,11.3364,11.3364,11.2839,11.2868,93828.0
1289217600000,11.29,11.4204,11.29,11.3932,128106776.0
1289232000000,11.3929,11.4018,11.3768,11.3786,76862940.0
1289552400000,11.2679,11.2786,11.1839,11.2664,538832.0
1289566800000,11.2696,11.3321,11.0932,11.1232,253830976.0
1289581200000,11.1221,11.1411,10.8439,11.0039,529778200.0
1289595600000,10.9971,11.0086,10.9682,10.9804,4822048.0
1289811600000,11.0154,11.0764,11.0154,11.0714,460684.0
1289826000000,11.0625,11.0907,10.9382,11.0207,225338876.0
1289840400000,11.0217,11.0525,10.9557,10.9789,160533940.0
1289854800000,10.9721,11.0143,10.95,10.9782,10020668.0
1289898000000,10.9775,10.9943,10.9036,10.9139,484176.0
1289912400000,10.9143,10.9857,10.7175,10.7643,332693676.0
1289926800000,10.7636,10.8393,10.69,10.7586,301804020.0
1289941200000,10.7643,10.8709,10.7482,10.7782,8098160.0
1289984400000,10.8036,10.8036,10.7461,10.7682,291200.0
1289998800000,10.7746,10.8568,10.7232,10.8179,211686300.0
1290013200000,10.8193,10.8304,10.6343,10.7268,256973836.0
1290027600000,10.7321,10.7679,10.7214,10.7679,3212720.0
1290070800000,10.8836,10.8893,10.85,10.86,888356.0
1290085200000,10.8582,11.0354,10.8521,11.0318,262752364.0
1290099600000,11.0318,11.0596,10.9096,11.0204,206409868.0
1290114000000,11.0029,11.0536,11.0007,11.0246,9462096.0
1290157200000,11.0357,11.0479,10.9579,10.9864,175700.0
1290171600000,10.9857,11.0293,10.9014,10.9364,229125568.0
1290186000000,10.9375,10.9993,10.9168,10.9607,141870288.0
1290200400000,10.9539,10.9661,10.9496,10.9643,1902096.0
1290416400000,10.9857,11.0,10.95,10.975,311640.0
1290430800000,10.975,11.1018,10.9164,11.0534,168706160.0
1290445200000,11.053,11.1914,10.9721,11.1914,209785968.0
1290459600000,11.1914,11.2129,11.1821,11.1857,5744732.0
1290502800000,11.1071,11.1321,11.0789,11.0896,485296.0
1290517200000,11.0929,11.1607,10.9714,11.0103,258693428.0
1290531600000,11.0104,11.1103,10.9486,11.0257,212313892.0
1291021200000,11.2964,11.3529,11.2507,11.2839,1001420.0
1291035600000,11.2839,11.3243,11.1207,11.1775,223751920.0
1291050000000,11.1764,11.3386,11.1568,11.3154,210596708.0
1291064400000,11.3154,11.3168,11.2964,11.315,6145888.0
1291107600000,11.25,11.2857,11.2214,11.25,405020.0
1291122000000,11.2568,11.2679,11.1268,11.1525,229966716.0
1291136400000,11.1529,11.1718,11.1025,11.1125,239704640.0
1291150800000,11.1121,11.1596,11.0871,11.0932,12753804.0
1291194000000,11.1786,11.2482,11.1786,11.2182,1543864.0
1291208400000,11.2186,11.3318,11.2075,11.3286,216918464.0
1291222800000,11.3296,11.3482,11.2936,11.3114,202610744.0
1291237200000,11.3,11.3071,11.2568,11.2579,5534396.0
1291280400000,11.3539,11.3736,11.3143,11.3736,710416.0
1291294800000,11.3629,11.3929,11.2461,11.3336,245039900.0
1291309200000,11.3321,11.3896,11.3004,11.3618,197063608.0
1291323600000,11.3564,11.3729,11.3464,11.3686,7299908.0
1291366800000,11.3714,11.3929,11.3711,11.3929,349300.0
1291381200000,11.3929,11.4018,11.2571,11.3096,197573824.0
1291395600000,11.3093,11.3429,11.2979,11.3382,136231956.0
1291410000000,11.3357,11.3457,11.3257,11.3343,3930248.0
1291626000000,11.3154,11.3707,11.3154,11.35,91364.0
1291640400000,11.3532,11.5118,11.3232,11.4279,276444000.0
1291654800000,11.4282,11.4679,11.395,11.4346,159122292.0
1291669200000,11.4354,11.4725,11.4193,11.4432,5492116.0
1291712400000,11.4993,11.5571,11.4993,11.5368,1112888.0
1291726800000,11.5407,11.5711,11.4489,11.4796,179237240.0
1291741200000,11.4796,11.5114,11.3614,11.3643,195717872.0
1291755600000,11.3696,11.3964,11.3589,11.3929,6813268.0
1291798800000,11.3857,11.4079,11.3725,11.3786,98000.0
1291813200000,11.3882,11.4418,11.3254,11.3721,154690620.0
1291827600000,11.3714,11.465,11.345,11.4646,153463548.0
1292230800000,11.4939,11.5968,11.4846,11.5829,2248288.0
1292245200000,11.5793,11.6364,11.5368,11.5893,238111244.0
1292259600000,11.5893,11.6014,11.4643,11.4857,185515932.0
1292274000000,11.4857,11.5229,11.4857,11.5054,3837904.0
1292317200000,11.5,11.5357,11.4679,11.4821,1209628.0
1292331600000,11.4857,11.5193,11.4039,11.4786,165613840.0
1292346000000,11.4786,11.5121,11.3929,11.4379,171589684.0
1292360400000,11.4382,11.4418,11.4232,11.4411,4048940.0
1292403600000,11.3946,11.4629,11.3946,11.4443,245756.0
1292418000000,11.4379,11.5357,11.3971,11.4775,180990264.0
1292432400000,11.4768,11.4821,11.3996,11.4429,174490036.0
1292446800000,11.4375,11.4821,11.4018,11.4164,5071136.0
1292490000000,11.4579,11.5171,11.4325,11.5054,722372.0
1292504400000,11.5018,11.5036,11.4321,11.4934,146634320.0
1292518800000,11.4932,11.5218,11.4621,11.4643,143166408.0
1292533200000,11.4671,11.4961,11.4646,11.4961,6917372.0
1292576400000,11.4736,11.5071,11.4679,11.4893,125048.0
1292590800000,11.4821,11.51,11.4407,11.4711,198991856.0
1292605200000,11.4713,11.4786,11.4368,11.4521,135593892.0
1292619600000,11.4521,11.4564,11.4321,11.4418,23038932.0
1292835600000,11.4686,11.5,11.4643,11.4757,327880.0
1292850000000,11.4786,11.4857,11.3654,11.4489,155325296.0
1292864400000,11.4489,11.5446,11.4196,11.5071,194548648.0
1292878800000,11.5075,11.5129,11.4796,11.4929,4914980.0
1292922000000,11.5357,11.5639,11.5139,11.5632,444864.0
1292936400000,11.5575,11.5854,11.5018,11.5632,129197712.0
1292950800000,11.563,11.5828,11.5536,11.5789,116889528.0
1292965200000,11.5793,11.5804,11.5679,11.5771,3231452.0
1293008400000,11.5914,11.6143,11.5843,11.6014,154532.0
1293022800000,11.5964,11.6186,11.5554,11.6107,155362396.0
1293037200000,11.6111,11.6329,11.5968,11.6161,103341672.0
1293051600000,11.6182,11.6193,11.6007,11.6118,2847096.0
1293094800000,11.6054,11.6411,11.6018,11.6111,151284.0
1293440400000,11.5486,11.5657,11.5329,11.5364,104496.0
1293454800000,11.5329,11.58,11.4829,11.5203,131227516.0
1293469200000,11.52,11.6229,11.5175,11.5964,112753536.0
1293483600000,11.6007,11.6039,11.595,11.5964,2327864.0
1293526800000,11.6686,11.6982,11.6511,11.6511,182000.0
1293541200000,11.65,11.6664,11.6093,11.6229,100421104.0
1293555600000,11.6236,11.635,11.6107,11.6239,65944256.0
1293570000000,11.6221,11.6339,11.6211,11.6321,927752.0
1293613200000,11.6421,11.6429,11.6107,11.6393,22400.0
1293627600000,11.6389,11.6589,11.6161,11.6239,80941364.0
1293642000000,11.6243,11.6429,11.6107,11.6179,69581232.0
1293656400000,11.6143,11.6325,11.6118,11.6193,5900860.0
1293699600000,11.6286,11.6425,11.6075,11.6075,50400.0
1293714000000,11.6114,11.6318,11.5461,11.5511,79247168.0
1293728400000,11.5508,11.58,11.5375,11.5593,70849688.0
1293742800000,11.5593,11.56,11.5525,11.5571,1605800.0
1293800400000,11.5571,11.5571,11.4761,11.4926,84312452.0
1293814800000,11.4929,11.525,11.4754,11.5157,94556560.0
1293829200000,11.5171,11.5493,11.5139,11.5493,2781324.0
1294045200000,11.5714,11.6371,11.5714,11.6321,579824.0
1294059600000,11.6182,11.7929,11.52,11.7756,249619720.0
1294074000000,11.7754,11.795,11.7246,11.7757,174940304.0
1294088400000,11.7736,11.7818,11.7621,11.7714,4873288.0
1294131600000,11.7964,11.8875,11.7964,11.8682,1430408.0
1294146000000,11.8654,11.8968,11.7607,11.7611,160301344.0
1294160400000,11.7607,11.8354,11.7196,11.8321,139457332.0
1294174800000,11.8314,11.8319,11.8161,11.8254,2215444.0
1294218000000,11.5714,11.8161,11.5714,11.7625,278600.0
1294232400000,11.7536,11.8989,11.7532,11.8889,126681520.0
1294246800000,11.8889,11.9407,11.8839,11.9286,120094576.0
1294261200000,11.9286,11.9589,11.9275,11.9571,2774240.0
1294304400000,11.9968,12.0321,11.9532,11.9871,330260.0
1294318800000,11.9821,12.0168,11.9129,11.9418,132812456.0
1294333200000,11.9418,11.9489,11.8893,11.9161,130810120.0
1294347600000,11.9182,11.9293,11.9061,11.9125,3327744.0
1294736400000,12.3014,12.3389,12.2893,12.3018,1024996.0
1294750800000,12.2989,12.32,12.1782,12.2004,257480776.0
1294765200000,12.2002,12.2139,12.1239,12.2,170312464.0
1294779600000,12.1993,12.2139,12.1961,12.2011,4514608.0
1294822800000,12.2679,12.3214,12.25,12.2507,760340.0
1294837200000,12.25,12.2986,12.2143,12.2703,149327164.0
1294851600000,12.2693,12.3011,12.2575,12.3007,132361712.0
1294866000000,12.2982,12.3207,12.2821,12.3193,8906940.0
1294909200000,12.3332,12.375,12.3214,12.3446,588140.0
1294923600000,12.3446,12.38,12.2804,12.3536,166666472.0
1294938000000,12.3539,12.3754,12.3125,12.345,114573732.0
1294952400000,12.3446,12.3857,12.3369,12.3714,6018516.0
1294995600000,12.3929,12.3964,12.3218,12.3357,620396.0
1295010000000,12.3393,12.4057,12.3014,12.3825,156043832.0
1295024400000,12.3821,12.4457,12.3796,12.445,137560584.0
1295038800000,12.4446,12.4464,12.4332,12.4429,4450516.0
1295341200000,11.6429,11.9454,11.6429,11.9,19373004.0
1295355600000,11.8929,12.1239,11.6429,12.1,954678872.0
1295370000000,12.1021,12.3129,11.75,12.1786,708951740.0
1295384400000,12.1786,12.75,11.9617,12.3179,146040832.0
1295427600000,12.3314,12.4107,12.2471,12.3904,6479116.0
1295442000000,12.3921,12.5321,12.1429,12.2829,695879408.0
1295456400000,12.2827,12.325,12.0314,12.1014,407429512.0
1295470800000,12.1004,12.2982,12.0071,12.0236,8550080.0
1295514000000,12.0736,12.0936,12.0361,12.0532,797440.0
1295528400000,12.0536,12.0821,11.79,11.8279,443208556.0
1295542800000,11.8293,11.9457,11.8114,11.8864,290160836.0
1296032400000,12.2457,12.3161,12.2457,12.2796,481852.0
1296046800000,12.2796,12.3386,12.1964,12.2986,262778936.0
1296061200000,12.2989,12.3429,12.2786,12.2811,234070256.0
1296075600000,12.2821,12.2986,12.2679,12.2857,3255448.0
1296118800000,12.3032,12.3386,12.295,12.3186,309764.0
1296133200000,12.3054,12.3193,12.244,12.2796,139496812.0
1296147600000,12.2805,12.3014,12.2486,12.2589,133402248.0
1296162000000,12.2543,12.26,12.2143,12.2261,3620848.0
1296205200000,12.2225,12.2457,12.2082,12.245,49980.0
1296219600000,12.2411,12.3,11.9643,11.9889,268204244.0
1296234000000,11.9886,12.0586,11.9117,12.0018,302969156.0
1296248400000,12.005,12.0919,11.9646,11.9679,8064000.0
1296464400000,11.9654,12.0571,11.9654,12.0525,515648.0
1296478800000,12.0386,12.1036,11.9393,12.0925,186371920.0
1296493200000,12.0924,12.1443,12.0321,12.1179,162561644.0
1296507600000,12.1136,12.1279,12.0882,12.1279,3674132.0
1296550800000,12.1332,12.1775,12.1332,12.1625,347172.0
1296565200000,12.1582,12.3168,12.1186,12.29,188210232.0
1296579600000,12.29,12.3446,12.29,12.3254,212993144.0
1296594000000,12.3246,12.3305,12.3043,12.3214,5931240.0
1296637200000,12.3225,12.3539,12.3214,12.3321,253512.0
1296651600000,12.3279,12.3304,12.2643,12.3104,137876284.0
1296666000000,12.3104,12.3211,12.2707,12.2971,112951804.0
1296680400000,12.2946,12.2971,12.2786,12.285,1876084.0
1296723600000,12.2911,12.2911,12.2607,12.2621,93800.0
1296738000000,12.2711,12.2857,12.0911,12.2536,238471184.0
1296752400000,12.2536,12.2943,12.2164,12.2646,149249744.0
1296766800000,12.2636,12.2657,12.2361,12.25,1763608.0
1296810000000,12.2979,12.3282,12.2761,12.3164,316484.0
1296824400000,12.315,12.3714,12.26,12.3278,182169568.0
1296838800000,12.3275,12.3821,12.3232,12.375,129953628.0
1296853200000,12.375,12.3786,12.3622,12.3743,2008412.0
1297069200000,12.3929,12.49,12.3929,12.4214,423780.0
1297328400000,12.7089,12.7807,12.6764,12.7357,741524.0
1297342800000,12.7382,12.8571,12.6936,12.8364,250814340.0
1297357200000,12.8361,12.8482,12.4286,12.6621,658626444.0
1297371600000,12.6493,12.6621,12.6125,12.6464,8057532.0
1297414800000,12.6032,12.6582,12.5786,12.6554,363888.0
1297429200000,12.6446,12.7446,12.6264,12.7307,177523780.0
1297443600000,12.7307,12.7786,12.7171,12.745,179107152.0
1297458000000,12.7471,12.7518,12.7224,12.7464,1481200.0
1297674000000,12.7436,12.7996,12.7232,12.7704,541660.0
1297688400000,12.775,12.8386,12.7364,12.8261,155788864.0
1297702800000,12.8268,12.8375,12.8071,12.8279,123604460.0
1297717200000,12.8225,12.8286,12.8079,12.8146,2077460.0
1297760400000,12.855,12.8989,12.855,12.8571,330316.0
1297774800000,12.8518,12.8625,12.7696,12.8089,150595088.0
1297789200000,12.8096,12.8554,12.7929,12.8554,122979080.0
1297803600000,12.8539,12.8671,12.8326,12.8661,4635708.0
1297846800000,12.8736,12.9018,12.8471,12.8986,524328.0
1297861200000,12.8986,13.0321,12.875,12.9896,259770084.0
1297875600000,12.9909,12.9918,12.9079,12.9664,206326512.0
1297890000000,12.9671,12.9707,12.8375,12.8607,7895216.0
1297933200000,12.7929,12.8664,12.5418,12.8071,4205264.0
1297947600000,12.8071,12.8911,12.7329,12.8268,320496876.0
1297962000000,12.8275,12.8314,12.75,12.7961,191284352.0
1297976400000,12.7964,12.8261,12.7882,12.8036,4491900.0
1298019600000,12.675,12.7936,12.6357,12.7861,1391376.0
1298034000000,12.7861,12.8536,12.5818,12.6575,373974636.0
1298048400000,12.6564,12.7414,12.4829,12.52,419459152.0
1298062800000,12.5132,12.5204,12.4296,12.4704,8406776.0
1298365200000,12.4286,12.4286,12.2896,12.3643,1223824.0
1298379600000,12.3504,12.3614,12.0714,12.2189,478029244.0
1298624400000,12.3196,12.3568,12.3136,12.33,726684.0
1298638800000,12.3293,12.4386,12.2457,12.3846,211703156.0
1298653200000,12.3836,12.4439,12.3789,12.4389,151031664.0
1298667600000,12.4404,12.4643,12.3701,12.4643,5392128.0
1298883600000,12.5,12.5889,12.4464,12.5468,808472.0
1298898000000,12.5464,12.6804,12.5386,12.6107,205095940.0
1298912400000,12.61,12.6307,12.545,12.6246,161844956.0
1298926800000,12.6243,12.6429,12.6071,12.6429,7546784.0
1298970000000,12.6793,12.7179,12.6254,12.6536,539616.0
1298984400000,12.6536,12.7043,12.5,12.5136,199164896.0
1298998800000,12.5125,12.5357,12.4172,12.4821,237407604.0
1299013200000,12.4818,12.5298,12.4286,12.4554,7903784.0
1299056400000,12.4607,12.5725,12.4607,12.55,485380.0
1299070800000,12.5379,12.5868,12.4429,12.505,186478068.0
1299085200000,12.505,12.6554,12.4911,12.5757,407211252.0
1299099600000,12.5732,12.6068,12.5707,12.6032,3305400.0
1299142800000,12.6721,12.7036,12.6561,12.6964,1611288.0
1299157200000,12.6946,12.8225,12.6718,12.8088,276395084.0
1299171600000,12.8096,12.8496,12.7939,12.8414,203189084.0
1299186000000,12.84,12.8564,12.8325,12.8554,4296404.0
1299229200000,12.8571,12.9154,12.8571,12.895,867244.0
1299243600000,12.8929,12.9229,12.7796,12.8243,230497792.0
1299258000000,12.8236,12.8571,12.7768,12.8571,196204680.0
1299272400000,12.8554,12.8625,12.8493,12.8575,19053020.0
1299488400000,12.8929,12.9286,12.8461,12.8482,582848.0
1299502800000,12.8468,12.9168,12.6003,12.6289,246504692.0
1299517200000,12.6293,12.7282,12.5468,12.6929,285552904.0
1299531600000,12.6914,12.6964,12.6267,12.6689,3986920.0
1299574800000,12.7318,12.7489,12.6929,12.7061,263172.0
1299589200000,12.6804,12.7632,12.5804,12.7546,212801764.0
1300078800000,12.25,12.3589,12.25,12.3571,94500.0
1300093200000,12.3482,12.6161,12.3482,12.6161,4701816.0
1300107600000,12.6143,12.7316,12.5468,12.5996,285421612.0
1300122000000,12.5982,12.7244,12.575,12.6168,137456088.0
1300136400000,12.6182,12.6321,12.5714,12.5889,840308.0
1300165200000,12.4607,12.4607,12.3161,12.325,77392.0
1300179600000,12.3218,12.3571,12.1071,12.2682,13331836.0
1300194000000,12.2686,12.4229,12.1464,12.3721,488486040.0
1300208400000,12.3738,12.4179,12.3086,12.3179,206840256.0
1300222800000,12.3175,12.3368,12.27,12.3211,2934652.0
1300251600000,12.2643,12.2786,12.2007,12.25,234780.0
1300266000000,12.2521,12.3368,12.2036,12.2564,8815548.0
1300280400000,12.2514,12.2679,11.8754,11.9682,600712700.0
1300294800000,11.9657,12.0588,11.6521,11.8254,530331284.0
1300309200000,11.8286,11.8286,11.6682,11.675,10694040.0
1300338000000,11.8071,11.8757,11.8046,11.8214,238000.0
1300352400000,11.8304,11.9982,11.8214,11.9886,11885356.0
1300366800000,11.9904,12.1289,11.9882,12.0821,402159212.0
1300381200000,12.0824,12.0968,11.9114,11.9293,231154140.0
1300395600000,11.9339,11.9514,11.8993,11.9357,1913660.0
1300424400000,11.9643,12.0893,11.9643,12.0893,5600.0
1300438800000,12.0496,12.0929,11.9468,12.0661,7143640.0
1300453200000,12.0696,12.1036,11.7857,11.8614,495791072.0
1300467600000,11.8625,11.8989,11.7857,11.7875,220513160.0
1300482000000,11.7893,11.8096,11.7836,11.7918,1144584.0
1300683600000,11.8929,12.0,11.8929,12.0,121800.0
1300698000000,11.9821,12.0321,11.9643,11.9821,4526312.0
1300712400000,11.9836,12.1336,11.9696,12.0954,266271208.0
1300726800000,12.0952,12.1307,12.0418,12.1246,129842552.0
1300741200000,12.1243,12.1404,12.1179,12.1382,1239784.0
1300770000000,12.1429,12.1675,12.1429,12.1675,61600.0
1300784400000,12.1818,12.2654,12.1429,12.2357,4415320.0
1300798800000,12.2339,12.2411,12.1121,12.1739,202660360.0
1300813200000,12.1729,12.2025,12.1368,12.1929,113227660.0
1300827600000,12.1929,12.1964,12.1718,12.1789,555968.0
1300856400000,12.1875,12.1875,12.1829,12.1829,16800.0
1301299200000,12.5871,12.655,12.5871,12.6311,405860.0
1301313600000,12.625,12.6543,12.5643,12.5954,161294084.0
1301328000000,12.5957,12.6321,12.5157,12.5161,133966392.0
1301342400000,12.5157,12.5246,12.4936,12.4993,3282076.0
1301385600000,12.5711,12.5711,12.4739,12.495,245000.0
1301400000000,12.5,12.52,12.3593,12.5086,203016016.0
1301414400000,12.5086,12.5343,12.4343,12.5339,137979688.0
1301428800000,12.5343,12.5482,12.5054,12.5464,2167564.0
1301472000000,12.6518,12.655,12.5607,12.5854,1637048.0
1301486400000,12.5764,12.5854,12.4086,12.4424,187385044.0
1301500800000,12.4425,12.4854,12.4379,12.4561,132082384.0
1301515200000,12.4532,12.4572,12.4064,12.4318,3375512.0
1301558400000,12.4643,12.4643,12.4032,12.4132,202244.0
1301572800000,12.4107,12.4929,12.3593,12.4221,130639964.0
1301587200000,12.4211,12.4696,12.4139,12.4491,117020848.0
1301601600000,12.4464,12.4768,12.4425,12.4571,2625672.0
1301644800000,12.4786,12.5179,12.4707,12.4907,261128.0
1301659200000,12.4893,12.5567,12.4336,12.4732,153097532.0
1301673600000,12.4739,12.4793,12.2607,12.3054,242778284.0
1301688000000,12.2911,12.3125,12.2861,12.3107,3395756.0
1301904000000,12.3214,12.3779,12.3214,12.3571,249116.0
1301918400000,12.3561,12.3661,12.0857,12.2032,266965524.0
1301932800000,12.2032,12.2196,12.1221,12.1857,181579692.0
1301947200000,12.185,12.2139,12.1743,12.1961,3056060.0
1301990400000,11.9786,12.0714,11.7679,12.0357,6021484.0
1302004800000,12.0357,12.2011,11.9339,12.1507,271767720.0
1302019200000,12.1507,12.2232,12.0571,12.0961,192225012.0
1302033600000,12.1043,12.1071,12.0839,12.0996,1997044.0
1302076800000,12.1471,12.1768,12.1429,12.1729,526512.0
1302091200000,12.1618,12.2821,12.0582,12.0604,221568396.0
1302105600000,12.0604,12.1161,12.0407,12.0729,168454104.0
1302120000000,12.0729,12.1107,12.0536,12.0775,4371472.0
1302163200000,12.0857,12.1171,12.0771,12.1125,407176.0
1302508800000,12.0029,12.0354,11.9679,11.9918,268940.0
1302523200000,11.9979,11.9979,11.8036,11.8093,188734672.0
1302537600000,11.81,11.8518,11.7864,11.8211,199697540.0
1302552000000,11.8193,11.883,11.7918,11.8,2091488.0
1302595200000,11.7679,11.7764,11.6961,11.725,1115548.0
1302609600000,11.73,11.9189,11.725,11.8214,249995424.0
1302624000000,11.8211,11.8854,11.7989,11.8714,162789844.0
1302638400000,11.8675,11.9089,11.8632,11.9082,3649632.0
1302681600000,11.9236,11.9854,11.9236,11.9854,949900.0
1302696000000,11.9807,11.9893,11.8757,11.9121,166586756.0
1302710400000,11.9126,12.005,11.8775,12.0031,164279780.0
1302724800000,12.0007,12.005,11.9709,11.9875,9136176.0
1302768000000,12.0,12.0,11.9146,11.9314,768320.0
1302782400000,11.9296,12.0,11.8654,11.8911,160090280.0
1302796800000,11.8911,11.9204,11.8593,11.8596,132531448.0
1302811200000,11.8696,11.8721,11.8125,11.8482,4306960.0
1302854400000,11.8736,11.8993,11.8464,11.8704,181832.0
1302868800000,11.8611,11.9189,11.755,11.8187,235607176.0
1302883200000,11.8177,11.8289,11.6714,11.6957,205528288.0
1302897600000,11.6971,11.8211,11.695,11.7286,4369848.0
1303113600000,11.7143,11.7421,11.6521,11.7268,324324.0
1303128000000,11.725,11.7675,11.4343,11.5786,344897952.0
1303142400000,11.5789,11.8654,11.4741,11.8518,255001600.0
1303156800000,11.8514,11.8518,11.4821,11.8339,3979668.0
1303200000000,11.8639,11.9579,11.8639,11.9189,726404.0
1303214400000,11.9175,11.9529,11.8468,11.9136,175062720.0
1303228800000,11.9133,12.0707,11.892,12.0671,233147124.0
1303243200000,12.0664,12.1364,12.0464,12.1339,6128444.0
1303286400000,12.1393,12.3114,12.1393,12.2357,1622292.0
1303300800000,12.2364,12.3482,12.1964,12.2904,274880984.0
1303315200000,12.2904,12.3214,12.2107,12.2271,260790852.0
1303804800000,12.6432,12.6607,12.6375,12.6482,195944.0
1303819200000,12.65,12.6782,12.5536,12.5949,133398748.0
1303833600000,12.5958,12.6107,12.4768,12.5164,175887656.0
1303848000000,12.5179,12.5752,12.4786,12.5036,3064852.0
1303891200000,12.5039,12.5429,12.45,12.5389,128492.0
1303905600000,12.535,12.5839,12.3964,12.455,167504708.0
1303920000000,12.4554,12.5461,12.4489,12.5086,172064816.0
1303934400000,12.5086,12.5215,12.4482,12.4664,5603248.0
1303977600000,12.5,12.5,12.4468,12.4529,276444.0
1303992000000,12.4468,12.4911,12.3475,12.3882,175798112.0
1304006400000,12.3893,12.4179,12.34,12.3968,161151088.0
1304020800000,12.3968,12.4179,12.3543,12.3932,8439928.0
1304064000000,12.3929,12.4286,12.3718,12.4214,303380.0
1304078400000,12.4157,12.5357,12.3632,12.5138,168926268.0
1304092800000,12.5146,12.6411,12.4675,12.4675,385816648.0
1304107200000,12.4643,12.5114,12.4368,12.4893,226350068.0
1304323200000,12.5786,12.6154,12.5368,12.5689,2046884.0
1304337600000,12.5643,12.5732,12.3839,12.4065,242548600.0
1304352000000,12.4054,12.445,12.3393,12.3653,175200676.0
1304366400000,12.3671,12.4463,12.3625,12.3929,2945600.0
1304409600000,12.3493,12.3571,12.3214,12.3411,135492.0
1304424000000,12.35,12.4961,12.35,12.4564,152238072.0
1304438400000,12.4564,12.4929,12.3436,12.4286,153033216.0
1304452800000,12.4271,12.4407,12.4221,12.4268,1858472.0
1304496000000,12.4393,12.4579,12.4107,12.4279,19600.0
1304510400000,12.4214,12.5654,12.3886,12.4225,203390768.0
1304524800000,12.4248,12.5204,12.4,12.4971,167982836.0
1304539200000,12.4961,12.4964,12.4643,12.4946,2496844.0
1304582400000,12.5139,12.5139,12.4464,12.4493,28000.0
1304596800000,12.4643,12.5339,12.405,12.4818,158792984.0
1304611200000,12.4818,12.5146,12.3589,12.3896,166425420.0
1304625600000,12.3896,12.4825,12.3839,12.4036,4000108.0
1304668800000,12.3829,12.4457,12.375,12.4286,133364.0
1304683200000,12.425,12.5139,12.4125,12.4743,125111224.0
1305100800000,12.4689,12.475,12.4464,12.4571,290360.0
1305115200000,12.4607,12.5,12.4118,12.4219,139169520.0
1305129600000,12.4239,12.4307,12.33,12.4014,180766432.0
1305144000000,12.4021,12.4161,12.3282,12.3643,3522148.0
1305187200000,12.3929,12.3929,12.295,12.3336,482804.0
1305201600000,12.3321,12.3746,12.2239,12.3211,183130892.0
1305216000000,12.3204,12.3971,12.2982,12.3782,127389976.0
1305230400000,12.3786,12.3843,12.3094,12.3539,4572932.0
1305273600000,12.3929,12.3929,12.3607,12.375,187488.0
1305288000000,12.3818,12.3825,12.225,12.253,143596348.0
1305302400000,12.2521,12.2732,12.1554,12.16,171441676.0
1305316800000,12.1607,12.1643,12.1489,12.1607,3635296.0
1305532800000,12.1082,12.1343,12.08,12.1214,382536.0
1305547200000,12.125,12.1864,12.0143,12.0316,185537912.0
1305561600000,12.0318,12.0414,11.8786,11.9043,237209924.0
1305576000000,11.9057,12.0367,11.8786,11.8875,4799900.0
1305619200000,11.9243,11.9589,11.9089,11.9107,548044.0
1305633600000,11.9196,11.9565,11.8118,11.8575,221203164.0
1305648000000,11.8579,12.005,11.8468,12.0039,208578356.0
1305662400000,12.0043,12.0429,11.9996,12.0321,2760380.0
1305705600000,12.0714,12.0714,11.9893,11.9911,281484.0
1305720000000,12.0,12.1495,11.9714,12.1196,187988108.0
1305734400000,12.1204,12.1804,12.1111,12.135,138438468.0
1305748800000,12.1396,12.1679,12.1232,12.1607,1591940.0
1305792000000,12.1346,12.1921,12.1125,12.1818,233828.0
1305806400000,12.1786,12.2291,12.0954,12.0996,135415000.0
1305820800000,12.1007,12.1914,12.0989,12.1625,116199916.0
1305835200000,12.1618,12.2243,12.1468,12.1596,3365236.0
1305878400000,12.1664,12.1664,12.1346,12.1346,92120.0
1305892800000,12.1375,12.1768,12.0368,12.0643,144375224.0
1305907200000,12.0643,12.1061,11.965,11.9696,183490944.0
1305921600000,11.9693,12.0,11.96,11.9625,4490276.0
1306137600000,11.8736,11.8793,11.8393,11.8571,504812.0
1306152000000,11.8579,11.9032,11.765,11.87,191364264.0
1306396800000,12.0357,12.0607,12.0357,12.0357,52640.0
1306411200000,12.0432,12.0571,11.9441,11.9682,115736712.0
1306425600000,11.9686,12.0202,11.9586,11.9639,99193416.0
1306440000000,11.9646,11.9789,11.9571,11.9643,1145536.0
1306483200000,11.9732,11.9889,11.9732,11.9804,11200.0
1306497600000,11.9714,12.055,11.9396,12.0304,104210568.0
1306512000000,12.03,12.0582,11.9464,12.0489,93203264.0
1306526400000,12.0504,12.0625,11.9946,12.0518,1428028.0
1306828800000,12.0714,12.175,12.0714,12.1339,754964.0
1306843200000,12.1293,12.2889,12.125,12.2514,172840164.0
1306857600000,12.2511,12.4193,12.2364,12.4171,213580444.0
1306872000000,12.4171,12.4643,12.4143,12.4643,10905132.0
1306915200000,12.4607,12.4607,12.3929,12.425,546056.0
1306929600000,12.4225,12.5761,12.4086,12.4768,281130080.0
1306944000000,12.4764,12.485,12.3089,12.3393,249610732.0
1306958400000,12.3393,12.3682,12.3179,12.3571,3693704.0
1307001600000,12.3718,12.4107,12.3589,12.3714,316400.0
1307016000000,12.375,12.4279,12.2964,12.3464,186335772.0
1307030400000,12.3468,12.4096,12.3311,12.355,142381652.0
1307044800000,12.3571,12.375,12.3571,12.3661,905156.0
1307088000000,12.3571,12.365,12.3393,12.3393,164640.0
1307102400000,12.3375,12.3525,12.2382,12.2821,164737608.0
1307116800000,12.2839,12.3139,12.2146,12.2611,136409868.0
1307131200000,12.2671,12.2911,12.2521,12.2661,3787196.0
1307347200000,12.2857,12.3286,12.2857,12.3179,219520.0
1307361600000,12.3125,12.3946,12.2679,12.3071,155616804.0
1307376000000,12.3061,12.3197,12.0646,12.0734,296172912.0
1307390400000,12.0736,12.0739,12.0082,12.0357,5219368.0
1307433600000,12.1107,12.1425,12.0893,12.1161,641592.0
1307448000000,12.1175,12.1243,11.8811,11.9232,279019104.0
1307462400000,11.9229,12.0,11.8536,11.8539,229765760.0
1307476800000,11.8536,11.8964,11.8504,11.8957,4076912.0
1307520000000,11.8464,11.8464,11.7729,11.8214,932400.0
1307534400000,11.8168,11.9571,11.7961,11.9129,181327580.0
1307692800000,11.8268,11.8571,11.8268,11.85,201180.0
1307707200000,11.8468,11.8482,11.6639,11.6975,218903356.0
1307721600000,11.6975,11.7214,11.6254,11.6275,201022528.0
1307736000000,11.6282,11.6393,11.6093,11.6279,5166560.0
1307952000000,11.6393,11.6946,11.6389,11.6889,354760.0
1307966400000,11.68,11.7125,11.6096,11.6471,151809112.0
1307980800000,11.6493,11.7254,11.6214,11.6639,169492596.0
1307995200000,11.6639,11.6779,11.6582,11.6779,1191344.0
1308038400000,11.7182,11.7636,11.7,11.7536,250012.0
1308052800000,11.7604,11.8725,11.7379,11.8236,157674636.0
1308067200000,11.8246,11.9018,11.8132,11.8689,156351972.0
1308081600000,11.8661,11.8989,11.8426,11.8979,1503740.0
1308124800000,11.875,11.875,11.7896,11.8254,271068.0
1308139200000,11.8254,11.8379,11.6793,11.6929,151628932.0
1308153600000,11.6944,11.6982,11.6029,11.6711,224072968.0
1308168000000,11.6671,11.6911,11.6654,11.6804,5730200.0
1308211200000,11.6886,11.6886,11.6146,11.6339,154000.0
1308225600000,11.6389,11.7386,11.6179,11.6654,156923284.0
1308240000000,11.6654,11.7122,11.3689,11.6129,332568012.0
1308254400000,11.6107,11.6607,11.6029,11.6607,6044668.0
1308297600000,11.65,11.7379,11.65,11.7321,613060.0
1308312000000,11.73,11.7589,11.445,11.5236,307833316.0
1308326400000,11.5236,11.5479,11.4057,11.4396,259362012.0
1308340800000,11.4414,11.4479,11.4218,11.4321,13162828.0
1308556800000,11.5,11.5,11.3393,11.3464,740348.0
1308571200000,11.3511,11.3571,11.0893,11.2011,376974976.0
1308585600000,11.204,11.3464,11.2014,11.2614,251061580.0
1308600000000,11.2614,11.3027,11.2439,11.2768,3059728.0
1308643200000,11.2679,11.3693,11.2586,11.3493,910616.0
1308657600000,11.3464,11.5932,11.2571,11.5663,290719604.0
1308672000000,11.5665,11.6357,11.5382,11.6168,190130416.0
1308686400000,11.6168,11.6286,11.5667,11.6154,3443972.0
1308729600000,11.5939,11.6054,11.5521,11.6007,620312.0
1308744000000,11.5968,11.7464,11.5689,11.5857,199456012.0
1309161600000,11.6789,11.7661,11.6789,11.7446,750820.0
1309176000000,11.7457,11.8714,11.6864,11.8679,145320672.0
1309190400000,11.8675,11.925,11.843,11.86,153156472.0
1309204800000,11.8575,11.8864,11.8543,11.8857,2892260.0
1309248000000,11.8696,11.8696,11.8214,11.8425,416864.0
1309262400000,11.8643,12.025,11.8482,11.9882,151882836.0
1309276800000,11.9868,11.9925,11.9286,11.9736,131257840.0
1309291200000,11.9746,11.9957,11.9643,11.9654,4588780.0
1309334400000,12.0,12.0554,12.0,12.0357,501452.0
1309348800000,12.0336,12.0714,11.8854,11.9339,194032608.0
1309363200000,11.935,11.9557,11.8529,11.93,150412752.0
1309377600000,11.93,11.9486,11.9286,11.9321,879704.0
1309420800000,11.9639,11.9732,11.9464,11.9607,120960.0
1309435200000,11.9482,12.0046,11.8871,11.9704,179689776.0
1309449600000,11.9708,11.9911,11.9525,11.9857,122717420.0
1309464000000,11.985,11.9886,11.9736,11.9868,1206744.0
1309507200000,11.975,12.0357,11.975,11.9821,155540.0
1309521600000,11.9768,12.1582,11.9357,12.1336,192933384.0
1309536000000,12.1336,12.2679,12.127,12.2643,228955048.0
1309550400000,12.2575,12.2679,12.1071,12.2518,4041912.0
1309852800000,12.2196,12.2532,12.2189,12.2404,256284.0
1309867200000,12.2496,12.4643,12.2321,12.4346,179460960.0
1309881600000,12.4341,12.4939,12.4139,12.4754,155603868.0
1309896000000,12.4718,12.4857,12.4418,12.4768,2306108.0
1309939200000,12.4129,12.4925,12.4089,12.4346,236600.0
1309953600000,12.4446,12.6071,12.3825,12.5991,206775492.0
1309968000000,12.5981,12.6464,12.4911,12.5657,229899936.0
1309982400000,12.565,12.5721,12.5457,12.5714,1954036.0
1310025600000,12.6089,12.6154,12.575,12.5964,127400.0
1310040000000,12.5964,12.7611,12.5718,12.7429,205376584.0
1310054400000,12.7429,12.7857,12.71,12.7575,184099804.0
1310068800000,12.7575,12.7911,12.7245,12.7911,3339028.0
1310112000000,12.7696,12.8107,12.7493,12.7986,301644.0
1310126400000,12.7914,12.8532,12.5786,12.7843,312023012.0
1310140800000,12.785,12.8571,12.7679,12.8471,168236348.0
1310371200000,12.7179,12.7739,12.6911,12.7357,1022644.0
1310385600000,12.7396,12.8489,12.6194,12.71,258661928.0
1310400000000,12.7118,12.7204,12.6007,12.6464,173691140.0
1310414400000,12.6429,12.7109,12.6304,12.6411,2814756.0
1310457600000,12.5096,12.6171,12.3593,12.5932,1943564.0
1310472000000,12.6004,12.7,12.4507,12.6607,251405980.0
1310486400000,12.6614,12.7743,12.6339,12.6375,191434656.0
1310500800000,12.6339,12.65,12.625,12.65,1981672.0
1310544000000,12.7129,12.8,12.6964,12.7768,645764.0
1310558400000,12.7707,12.8571,12.7361,12.8418,200975768.0
1310572800000,12.8421,12.8436,12.7279,12.7907,177343040.0
1310587200000,12.7879,12.8036,12.6964,12.725,3810912.0
1310630400000,12.7857,12.9093,12.7321,12.9,2060772.0
1310644800000,12.9054,12.9446,12.8071,12.8268,196993188.0
1310659200000,12.8271,12.8343,12.7264,12.7825,214683784.0
1310673600000,12.7821,12.9018,12.7686,12.875,12354832.0
1310716800000,12.7989,12.9289,12.7989,12.8882,670068.0
1310731200000,12.8889,12.9268,12.8275,12.8636,206911628.0
1310745600000,12.8648,13.0357,12.8579,13.0343,258679708.0
1310760000000,13.0343,13.0639,13.0311,13.0536,10648204.0
1310976000000,13.0571,13.0571,12.9643,13.0032,1135680.0
1310990400000,13.0,13.2025,12.9964,13.1407,265987596.0
1311004800000,13.14,13.3804,13.1375,13.3507,286707540.0
1311019200000,13.3511,13.3979,13.3482,13.3954,7126448.0
1311062400000,13.4404,13.4821,13.4082,13.4557,1132320.0
1311076800000,13.4557,13.5625,13.3329,13.4196,312556496.0
1311091200000,13.4214,13.4718,13.3643,13.4589,366357712.0
1311105600000,13.4557,14.4643,13.375,14.0714,133683704.0
1311580800000,13.9536,13.9932,13.9311,13.9661,719068.0
1311595200000,13.9686,14.2393,13.915,14.2293,261792832.0
1311609600000,14.2257,14.2857,14.1786,14.229,312469472.0
1311624000000,14.2271,14.2632,14.2196,14.2396,4526368.0
1311667200000,14.2754,14.3036,14.2179,14.2846,1267980.0
1311681600000,14.2886,14.4368,14.2675,14.4054,266363160.0
1311696000000,14.4054,14.4464,14.3918,14.4021,191971556.0
1311710400000,14.4057,14.4211,14.3393,14.375,2935968.0
1311753600000,14.4214,14.4229,14.3714,14.3714,304724.0
1311768000000,14.3714,14.38,14.0268,14.1411,371907200.0
1311782400000,14.1411,14.1575,14.0054,14.0207,261052820.0
1311796800000,14.0204,14.0357,13.9643,13.975,5662328.0
1311840000000,13.9682,14.0543,13.95,14.0186,826056.0
1311854400000,14.0232,14.1782,13.8618,14.1607,316954820.0
1311868800000,14.1596,14.1707,13.9793,13.9968,253721916.0
1311883200000,13.9939,14.0,13.9525,13.9682,5801236.0
1311926400000,13.9286,13.9332,13.875,13.9093,426524.0
1311940800000,13.9079,14.1125,13.7143,14.0246,353418380.0
1311955200000,14.0268,14.0618,13.9407,13.9533,253688120.0
1311969600000,13.9457,14.0,13.9364,13.9911,7411992.0
1312185600000,14.195,14.25,14.1429,14.1439,2009336.0
1312200000000,14.1596,14.2679,14.0275,14.0618,345006592.0
1312214400000,14.0618,14.1714,14.0132,14.1693,251981856.0
1312228800000,14.1686,14.2136,14.1518,14.2071,7268772.0
1312272000000,14.1343,14.1961,14.1214,14.1554,722372.0
1312286400000,14.1518,14.2107,14.0839,14.1226,238556220.0
1312300800000,14.1239,14.1511,13.8696,13.89,372857772.0
1312315200000,13.8879,13.9232,13.8779,13.9107,4363576.0
1312358400000,13.9254,14.0093,13.9,13.9464,1015420.0
1312876800000,12.5914,12.8232,12.3396,12.7768,6624072.0
1312891200000,12.7821,13.1979,12.7071,13.17,481597116.0
1312905600000,13.1714,13.3789,12.6786,13.3721,564227440.0
1312920000000,13.3554,13.4107,13.2679,13.4093,15204616.0
1312963200000,13.4957,13.5357,13.3043,13.3493,1992144.0
1312977600000,13.3607,13.3839,13.01,13.1157,397361244.0
1312992000000,13.1154,13.3804,12.9464,12.9643,444142832.0
1313006400000,12.975,13.0679,12.9621,13.0571,8090964.0
1313049600000,13.2621,13.3021,13.0107,13.0429,3761828.0
1313064000000,13.0361,13.3032,12.9811,13.2711,339780504.0
1313078400000,13.275,13.4089,13.2364,13.3457,364169428.0
1313092800000,13.2986,13.3464,13.2932,13.3107,8101044.0
1313136000000,13.2561,13.4496,13.2304,13.4375,1165752.0
1313150400000,13.4411,13.5586,13.3654,13.5357,299777716.0
1313164800000,13.5361,13.5446,13.4329,13.4593,216593300.0
1313179200000,13.4639,13.5,13.4518,13.4821,2390136.0
1313395200000,13.5714,13.6321,13.3929,13.4639,1879892.0
1313409600000,13.4639,13.7489,13.4161,13.6575,257770296.0
1313424000000,13.6568,13.7082,13.6025,13.6893,190281812.0
1313438400000,13.6911,13.7107,13.6704,13.685,3006052.0
1313481600000,13.5539,13.6071,13.5536,13.5804,558432.0
1313496000000,13.5804,13.6786,13.52,13.6525,184984408.0
1313510400000,13.6525,13.6918,13.4307,13.5857,297847816.0
1313524800000,13.5839,13.5911,13.5357,13.5607,2202032.0
1313568000000,13.58,13.6732,13.5532,13.6439,532588.0
1313582400000,13.6411,13.7329,13.5257,13.5456,198799328.0
1313596800000,13.5482,13.6607,13.5,13.5789,209540464.0
1313611200000,13.5864,13.5871,13.5293,13.545,2317028.0
1313654400000,13.5154,13.5154,13.2682,13.3714,901348.0
1313668800000,13.3786,13.425,13.0536,13.1741,385539812.0
1314172800000,13.2075,13.3357,13.2075,13.2857,890456.0
1314187200000,13.2868,13.5343,13.2239,13.2979,307401584.0
1314201600000,13.2993,13.4875,13.2357,13.4339,265365212.0
1314216000000,13.4336,13.4364,12.5,12.7536,44842168.0
1314259200000,12.7821,13.1379,12.75,13.1136,18147752.0
1314273600000,13.0497,13.3296,13.0357,13.3143,489659324.0
1314288000000,13.3129,13.4089,13.2146,13.3468,335672820.0
1314302400000,13.3464,13.3675,13.3296,13.3675,2622676.0
1314345600000,13.3882,13.3882,13.275,13.2975,553868.0
1314360000000,13.3154,13.655,13.2321,13.6163,339346924.0
1314374400000,13.6168,13.7071,13.6104,13.7043,274738576.0
1314388800000,13.6989,13.7325,13.6786,13.6843,5853148.0
1314604800000,13.8086,13.8679,13.8079,13.8286,1132432.0
1314619200000,13.8461,13.9821,13.8171,13.9429,207121964.0
1314633600000,13.9433,13.9682,13.8714,13.9248,186858896.0
1314648000000,13.9246,13.9371,13.8929,13.9214,1444828.0
1314691200000,13.8929,13.8929,13.8632,13.8761,221004.0
1314705600000,13.8875,13.9943,13.7932,13.9768,193360020.0
1314720000000,13.9784,13.9818,13.8546,13.9271,212061556.0
1314734400000,13.9282,13.9282,13.8579,13.8714,2313556.0
1314777600000,13.9461,14.0139,13.9461,13.9579,680092.0
1314792000000,13.9586,14.0029,13.7143,13.7146,240475004.0
1314806400000,13.7143,13.8304,13.6379,13.7432,254632336.0
1314820800000,13.7443,13.7643,13.7054,13.7525,5240592.0
1314864000000,13.7511,13.7664,13.7343,13.7471,193228.0
1314878400000,13.7532,13.8443,13.7089,13.7578,166042128.0
1314892800000,13.7575,13.7582,13.5971,13.6125,163150568.0
1314907200000,13.6136,13.7096,13.5886,13.5964,1710464.0
1314950400000,13.5714,13.5714,13.5071,13.5268,385868.0
1314964800000,13.5354,13.5893,13.3304,13.4293,201849872.0
1315468800000,13.7679,13.7857,13.7096,13.7136,843108.0
1315483200000,13.7143,13.8789,13.6164,13.7661,199259480.0
1315497600000,13.7664,13.8179,13.6889,13.7211,204030372.0
1315512000000,13.7221,13.7902,13.7,13.7143,3732596.0
1315555200000,13.6732,13.7211,13.6607,13.6893,509208.0
1315569600000,13.6893,13.805,13.5236,13.5343,248014592.0
1315584000000,13.5329,13.5625,13.3936,13.4664,302302000.0
1315598400000,13.4764,13.5146,13.4489,13.4643,5190556.0
1315814400000,13.3929,13.3929,13.2946,13.3196,796292.0
1315828800000,13.3204,13.6029,13.2357,13.4546,202223056.0
1315843200000,13.4536,13.5696,13.2821,13.5696,254845948.0
1315857600000,13.5696,13.6161,13.5607,13.5936,5530952.0
1315900800000,13.5029,13.6589,13.4325,13.6046,2037056.0
1315915200000,13.5893,13.6964,13.5446,13.6421,181783952.0
1315929600000,13.6396,13.7932,13.6196,13.7314,246839516.0
1315944000000,13.7368,13.7536,13.7,13.7357,3624656.0
1315987200000,13.7143,13.87,13.6893,13.8264,1187816.0
1316001600000,13.8343,13.9286,13.7771,13.9207,242355568.0
1316016000000,13.9214,14.0075,13.8732,13.9029,276881360.0
1316030400000,13.895,13.9071,13.8793,13.9,5135928.0
1316073600000,13.9482,14.0089,13.9482,13.9957,938252.0
1316088000000,13.9821,14.0475,13.9089,14.0241,216954696.0
1316102400000,14.0254,14.0593,14.0018,14.0379,179188912.0
1316116800000,14.0371,14.1786,14.0289,14.1343,12028464.0
1316160000000,14.0604,14.1429,14.0129,14.1161,763000.0
1316174400000,14.1125,14.2811,14.0857,14.2454,340978960.0
1316188800000,14.2479,14.2986,14.2387,14.2943,280916356.0
1316203200000,14.2939,14.335,14.2746,14.2964,27726384.0
1316419200000,14.1786,14.2054,14.1071,14.1786,1366988.0
1316433600000,14.1736,14.6964,14.1144,14.6243,412428996.0
1316764800000,14.4286,14.5,14.1786,14.2018,1707944.0
1316779200000,14.2071,14.5221,14.1271,14.4479,300341692.0
1316793600000,14.4444,14.5264,14.4018,14.4332,221955356.0
1316808000000,14.4368,14.4589,14.2861,14.4321,6202560.0
1317024000000,14.4321,14.5357,14.1071,14.2679,5890500.0
1317038400000,14.2836,14.4393,13.975,14.3018,455318052.0
1317052800000,14.3032,14.4279,14.0796,14.4,308419552.0
1317067200000,14.3975,14.4043,14.3643,14.3714,5999896.0
1317110400000,14.4854,14.6286,14.4854,14.6193,1251460.0
1317124800000,14.6079,14.625,14.4321,14.4825,277268880.0
1317139200000,14.4875,14.5339,14.2164,14.2593,341425672.0
1317153600000,14.2736,14.3214,14.25,14.2618,4619496.0
1317196800000,14.2664,14.4157,14.2664,14.2964,1080996.0
1317211200000,14.2904,14.4193,14.2028,14.3693,227897544.0
1317225600000,14.3689,14.3796,14.1611,14.1757,189810572.0
1317240000000,14.1786,14.2029,14.1429,14.1621,2773624.0
1317283200000,14.2857,14.3214,14.22,14.2275,636048.0
1317297600000,14.2457,14.3929,13.9643,14.1118,269442488.0
1317312000000,14.1161,14.1296,13.7932,13.9354,370585796.0
1317326400000,13.9482,14.0032,13.9325,13.9932,2392796.0
1317369600000,13.9932,13.9932,13.8171,13.8393,759528.0
1317384000000,13.8525,13.9196,13.6504,13.8318,274445108.0
1317398400000,13.8321,13.8475,13.6139,13.6143,238277564.0
1317412800000,13.6136,13.6325,13.5714,13.5857,11426408.0
1317628800000,13.57,13.7125,13.5443,13.7125,1251600.0
1317643200000,13.7107,13.7296,13.3896,13.5911,329906752.0
1317657600000,13.5911,13.6007,13.3275,13.3693,309882468.0
1317672000000,13.3782,13.6121,13.3214,13.3571,8094128.0
1317715200000,13.3504,13.4214,13.3286,13.3446,863184.0
1318233600000,13.3557,13.4286,13.3286,13.4086,745892.0
1318248000000,13.4014,13.7411,13.3571,13.735,224112392.0
1318262400000,13.7345,13.8861,13.6943,13.8861,203357112.0
1318276800000,13.885,13.9796,13.8689,13.9375,5414332.0
1318320000000,13.8854,13.9443,13.8611,13.9036,572516.0
1318334400000,13.9207,14.3321,13.9111,14.2793,324854180.0
1318348800000,14.2796,14.3993,14.1886,14.2954,271879496.0
1318363200000,14.295,14.3007,14.2286,14.2479,3188276.0
1318406400000,14.375,14.4518,14.3571,14.4036,1324260.0
1318420800000,14.4036,14.6161,14.3929,14.5329,274035608.0
1318435200000,14.5329,14.56,14.2907,14.3611,329440916.0
1318449600000,14.3643,14.4,14.3432,14.3518,4606364.0
1318492800000,14.4343,14.4343,14.3111,14.3361,399700.0
1318507200000,14.3268,14.5546,14.3161,14.5282,209552560.0
1318521600000,14.5282,14.5868,14.4439,14.5864,179130112.0
1318536000000,14.5789,14.7843,14.5725,14.75,13129816.0
1318579200000,14.7268,14.9554,14.7193,14.8514,1739528.0
1318593600000,14.8518,14.9593,14.8214,14.8657,250129376.0
1318608000000,14.8643,15.0714,14.8532,15.0714,286907908.0
1318622400000,15.0693,15.0818,15.0379,15.0714,16044336.0
1318838400000,15.17,15.2321,15.0893,15.1096,1855420.0
1318852800000,15.1229,15.2393,14.9918,15.0504,329188328.0
1318867200000,15.0471,15.0693,14.855,14.9918,325523464.0
1318881600000,14.9964,15.0107,14.8929,14.9561,15165864.0
1318924800000,14.945,15.0089,14.9286,14.9375,625380.0
1318939200000,14.9561,15.1029,14.8568,15.0586,277164244.0
1318953600000,15.0598,15.1717,14.9143,15.0671,392011788.0
1319443200000,14.125,14.125,14.0786,14.1214,433216.0
1319457600000,14.1179,14.49,14.1025,14.4382,296534532.0
1319472000000,14.4368,14.5179,14.425,14.4893,193684624.0
1319486400000,14.4918,14.4993,14.45,14.4643,3366468.0
1319529600000,14.5282,14.5593,14.5096,14.5179,339836.0
1319544000000,14.52,14.5696,14.2807,14.299,220172988.0
1319558400000,14.2989,14.3496,14.1921,14.2093,197338232.0
1319572800000,14.2061,14.2186,14.1343,14.1657,6041140.0
1319616000000,14.2336,14.3214,14.2336,14.2786,607572.0
1319630400000,14.2746,14.3786,14.0411,14.1789,196089824.0
1319644800000,14.1821,14.3425,14.0768,14.2971,223431908.0
1319659200000,14.3104,14.3432,14.2929,14.3393,2417100.0
1319702400000,14.3714,14.6032,14.3714,14.5739,1656424.0
1319716800000,14.5721,14.6071,14.3532,14.4646,233285556.0
1319731200000,14.4678,14.5657,14.4179,14.4457,234332924.0
1319745600000,14.4454,14.5,14.4214,14.4643,7748524.0
1319788800000,14.4643,14.4643,14.3789,14.3929,196952.0
1319803200000,14.3929,14.4893,14.3643,14.4086,145687920.0
1319817600000,14.4071,14.5125,14.3907,14.4657,146076196.0
1319832000000,14.4643,14.4714,14.4321,14.4357,8532048.0
1320048000000,14.3929,14.4046,14.3125,14.3618,292068.0
1320062400000,14.3636,14.6189,14.3232,14.5471,186415656.0
1320076800000,14.5464,14.5689,14.4368,14.4571,178143812.0
1320091200000,14.4643,14.475,14.3934,14.4414,5915252.0
1320134400000,14.4021,14.4021,14.1943,14.2457,995428.0
1320148800000,14.2571,14.4564,14.09,14.0982,244412364.0
1320163200000,14.0968,14.2543,14.0436,14.1657,274990044.0
1320177600000,14.1611,14.2407,14.1589,14.1721,4357724.0
1320220800000,14.2686,14.315,14.2143,14.2679,309400.0
1320235200000,14.25,14.3164,14.1393,14.1975,138122320.0
1320249600000,14.1989,14.2225,14.1111,14.1893,165366068.0
1320264000000,14.1875,14.2589,14.1746,14.1786,10063564.0
1320656400000,14.2146,14.2861,14.1786,14.2696,126000.0
1320670800000,14.2843,14.3036,14.1496,14.1736,145847184.0
1320685200000,14.1725,14.2857,14.1475,14.2775,115065244.0
1320699600000,14.2775,14.2982,14.2321,14.2821,3159632.0
1320742800000,14.3214,14.3836,14.3196,14.3836,363888.0
1320757200000,14.3818,14.505,14.3414,14.4368,217582792.0
1320771600000,14.4339,14.5714,14.4179,14.5004,167036548.0
1320786000000,14.5014,14.5357,14.4786,14.5357,3779440.0
1320829200000,14.4643,14.4643,14.1864,14.2107,4254740.0
1320843600000,14.2139,14.3175,14.15,14.2679,276306716.0
1320858000000,14.2679,14.2793,14.0796,14.1182,255488492.0
1320872400000,14.1221,14.2179,14.0357,14.0725,8645952.0
1320915600000,14.1429,14.2861,14.1429,14.2214,1799840.0
1320930000000,14.2168,14.25,13.6625,13.7936,438813060.0
1320944400000,13.7936,13.8214,13.6482,13.7575,292916428.0
1320958800000,13.7575,13.7657,13.7321,13.7571,3698100.0
1321002000000,13.8393,13.8393,13.8086,13.8375,411936.0
1321016400000,13.8375,13.9093,13.5807,13.7632,334442248.0
1321030800000,13.7636,13.8821,13.6536,13.7382,306967724.0
1321045200000,13.7346,13.7364,13.6521,13.7182,5015668.0
1321261200000,13.7857,13.8643,13.6914,13.75,594636.0
1321275600000,13.7357,13.7757,13.5466,13.5892,213715572.0
1321290000000,13.5889,13.6061,13.5071,13.545,202040972.0
1321304400000,13.5493,13.5789,13.5429,13.5786,5383140.0
1321347600000,13.525,13.5457,13.4286,13.5268,712684.0
1321362000000,13.5271,13.75,13.5179,13.7472,198655240.0
1321376400000,13.7479,13.9107,13.7454,13.8864,217375508.0
1321390800000,13.8882,13.9018,13.75,13.875,4335660.0
1321434000000,13.9057,13.9304,13.8332,13.8575,480228.0
1321448400000,13.8571,13.9693,13.7966,13.8089,163464812.0
1321462800000,13.8114,13.9036,13.7257,13.7461,165961292.0
1321477200000,13.7471,13.7471,13.7089,13.7321,4395496.0
1321520400000,13.7143,13.7264,13.6643,13.7046,297612.0
1321952400000,13.2143,13.2925,13.2071,13.2482,663208.0
1321966800000,13.24,13.3836,13.17,13.3068,180054756.0
1321981200000,13.3071,13.4975,13.3068,13.4471,209605928.0
1321995600000,13.4471,13.4536,13.4079,13.4132,9913988.0
1322038800000,13.3421,13.3893,13.3357,13.36,363832.0
1322053200000,13.3554,13.4229,13.1186,13.148,223562052.0
1322067600000,13.1486,13.2157,13.1029,13.1071,181725348.0
1322082000000,13.1071,13.1496,13.095,13.1496,2455908.0
1322211600000,13.0571,13.0604,12.9964,13.0554,81032.0
1322226000000,13.0707,13.2554,12.9757,13.0332,172817456.0
1322240400000,13.0332,13.0736,12.9839,12.9846,60606672.0
1322254800000,13.0261,13.0432,13.025,13.0432,173264.0
1322470800000,13.2561,13.3643,13.2536,13.3304,1392748.0
1322485200000,13.3336,13.3929,13.2261,13.3775,163229108.0
1322499600000,13.3786,13.4543,13.3486,13.4293,151655224.0
1322514000000,13.4354,13.4375,13.4171,13.4268,5994268.0
1322557200000,13.5,13.5414,13.4018,13.4018,489356.0
1322571600000,13.4107,13.5296,13.2393,13.2846,177523164.0
1322586000000,13.2829,13.4364,13.2214,13.3286,191783788.0
1322600400000,13.3289,13.3439,13.2775,13.2946,2081884.0
1322643600000,13.2875,13.4625,13.2875,13.3982,260400.0
1322658000000,13.3961,13.6375,13.3839,13.5643,190790740.0
1322672400000,13.5643,13.6429,13.5183,13.6414,170909620.0
1322686800000,13.6568,13.6568,13.6257,13.6375,13216532.0
1322730000000,13.5957,13.7107,13.5954,13.7054,640472.0
1322744400000,13.71,13.7961,13.5982,13.7607,172137392.0
1322758800000,13.7611,13.8929,13.7543,13.8507,199052784.0
1322773200000,13.8454,13.8643,13.802,13.8643,5959044.0
1322816400000,13.9321,14.0357,13.8768,13.975,972440.0
1322830800000,13.9643,14.0582,13.8779,13.9532,196022400.0
1322845200000,13.9568,14.0,13.9158,13.9179,161733180.0
1322859600000,13.9236,13.9321,13.9107,13.9229,3711176.0
1323075600000,14.0179,14.0357,13.9818,14.0171,315672.0
1323090000000,14.0161,14.1575,13.9818,14.0975,152786340.0
1323248400000,14.0536,14.0536,13.9625,13.9796,311836.0
1323262800000,13.9714,13.9939,13.8129,13.9179,149080064.0
1323277200000,13.9211,13.9621,13.8214,13.8979,143446072.0
1323291600000,13.9029,13.9371,13.8961,13.9286,5699008.0
1323334800000,13.8786,14.0589,13.8411,14.0311,1369984.0
1323349200000,14.0214,14.125,13.9289,14.0607,188780704.0
1323363600000,14.0618,14.0954,13.9368,13.9546,177685452.0
1323378000000,13.9629,13.9771,13.9036,13.9446,3062808.0
1323421200000,14.0,14.0925,14.0,14.0536,768656.0
1323435600000,14.0539,14.0657,13.9654,14.0332,147787416.0
1323450000000,14.0343,14.0729,14.0179,14.0589,139660976.0
1323464400000,14.0579,14.0871,14.0357,14.0757,2348500.0
1323680400000,14.0268,14.0714,13.9643,14.0071,636440.0
1323694800000,14.0071,14.0679,13.9368,13.9543,135395008.0
1323709200000,13.9518,14.0136,13.9089,13.995,150588256.0
1323723600000,13.9954,14.0446,13.9759,13.9857,3722684.0
1323766800000,14.0,14.0714,14.0,14.0679,159740.0
1323781200000,14.0536,14.1214,13.985,14.0382,139863920.0
1323795600000,14.0386,14.1206,13.825,13.8854,186318412.0
1323810000000,13.8843,14.0436,13.8721,13.9107,2654428.0
1323853200000,13.9054,13.9146,13.85,13.8754,133700.0
1323867600000,13.8768,13.9443,13.4886,13.5214,217984480.0
1323882000000,13.5225,13.6214,13.5036,13.5725,169907612.0
1323896400000,13.5782,13.5814,13.5346,13.5393,3100496.0
1323939600000,13.5393,13.7143,13.5393,13.705,778064.0
1323954000000,13.6943,13.7321,13.5264,13.5446,124663056.0
1323968400000,13.5461,13.5931,13.5111,13.5314,118544524.0
1323982800000,13.5354,13.5714,13.5332,13.5714,1539272.0
1324026000000,13.5804,13.6225,13.5804,13.5964,118020.0
1324040400000,13.6071,13.7196,13.5561,13.6032,199161088.0
1324054800000,13.6029,13.6429,13.5618,13.5961,150220616.0
1324069200000,13.6014,13.6432,13.5814,13.6371,22244292.0
1324285200000,13.6571,13.6786,13.6429,13.6518,243964.0
1324299600000,13.6457,13.7446,13.625,13.6636,109069352.0
1324544400000,14.1429,14.2114,14.1429,14.1964,256116.0
1324558800000,14.1925,14.2454,14.1464,14.2107,100084684.0
1324573200000,14.2139,14.2546,14.2093,14.2311,91370860.0
1324587600000,14.2304,14.25,14.2143,14.2436,2681084.0
1324630800000,14.2657,14.2889,14.2411,14.2854,478240.0
1324645200000,14.2736,14.3286,14.2639,14.3279,103471480.0
1324659600000,14.3279,14.4139,14.3179,14.4064,160384476.0
1324674000000,14.4064,14.415,14.2933,14.3946,1001140.0
1324976400000,14.4143,14.4214,14.3929,14.3946,131096.0
1324990800000,14.3936,14.6104,14.3936,14.5536,142730644.0
1325005200000,14.5529,14.5925,14.5136,14.5204,101030356.0
1325019600000,14.5182,14.5339,14.5075,14.5154,1103760.0
1325062800000,14.4779,14.58,14.4643,14.5446,528080.0
1325077200000,14.5536,14.5804,14.4464,14.4518,118100192.0
1325091600000,14.4518,14.465,14.3336,14.3846,102074336.0
1325106000000,14.3779,14.3982,14.3757,14.3929,1629992.0
1325149200000,14.3707,14.4346,14.3696,14.4282,233212.0
1325163600000,14.4125,14.4529,14.3039,14.4446,107508100.0
1325178000000,14.4446,14.4875,14.4297,14.4679,91208684.0
1325192400000,14.4643,14.4707,14.3571,14.4643,1200332.0
1325235600000,14.4457,14.4839,14.4457,14.4714,196280.0
1325250000000,14.4714,14.51,14.3925,14.4675,73439268.0
1325264400000,14.4675,14.4857,14.4514,14.4639,91328496.0
1325278800000,14.4639,14.4693,14.46,14.4636,4591664.0
1325581200000,14.4571,14.7429,14.4571,14.6293,1014748.0
1325595600000,14.6607,14.7321,14.4643,14.6718,148953336.0
1325610000000,14.6696,14.7157,14.615,14.6821,131082588.0
1325624400000,14.675,14.73,14.6686,14.6911,2830660.0
1325667600000,14.6436,14.6696,14.6179,14.6536,329420.0
1325682000000,14.6696,14.7679,14.5911,14.7536,118690572.0
1325696400000,14.7529,14.81,14.7375,14.7657,131738656.0
1325710800000,14.7657,14.8036,14.7238,14.8036,3380244.0
1325754000000,14.7504,14.7761,14.6786,14.7704,537768.0
1325768400000,14.7743,14.8436,14.7382,14.8237,117288136.0
1325782800000,14.8236,14.9482,14.8179,14.9271,146289892.0
1325840400000,14.9304,14.9607,14.9304,14.9561,129556.0
1325854800000,14.9568,15.0525,14.9379,15.0239,162569792.0
1325869200000,15.0232,15.0982,15.0107,15.0875,147155512.0
1325883600000,15.0871,15.0893,15.0371,15.0814,2011156.0
1326099600000,15.1254,15.1582,15.0914,15.1429,852040.0
1326114000000,15.1332,15.2768,15.1029,15.1068,218594264.0
1326128400000,15.1068,15.1782,15.0482,15.0618,156375884.0
1326142800000,15.0561,15.1786,15.0446,15.1018,2011884.0
1326186000000,15.1264,15.2268,15.1264,15.2,862820.0
1326200400000,15.2054,15.2275,15.1186,15.12,124236532.0
1326214800000,15.1186,15.1418,15.0536,15.1154,123364808.0
1326229200000,15.1157,15.1186,15.0686,15.0721,3689532.0
1326272400000,15.1071,15.1421,15.0557,15.1071,170632.0
1326286800000,15.1071,15.1086,14.9754,15.0329,117100676.0
1326301200000,15.0321,15.1018,15.0104,15.0911,89811596.0
1326315600000,15.0907,15.1071,15.0868,15.1071,2089780.0
1326358800000,15.1554,15.1964,15.0957,15.18,485492.0
1326373200000,15.1789,15.1839,14.9554,15.0186,119224392.0
1326387600000,15.0193,15.0829,15.0104,15.0472,82728884.0
1326402000000,15.0504,15.0661,15.0429,15.0661,952616.0
1326445200000,15.0829,15.0829,15.0229,15.0296,288596.0
1326459600000,15.0296,15.07,14.9507,14.9943,111903008.0
1326474000000,14.995,15.0079,14.9643,14.9984,99723820.0
1326488400000,14.9993,15.0021,14.9889,14.9961,4723264.0
1326790800000,15.1429,15.1786,15.0896,15.0904,534380.0
1326805200000,15.1061,15.2139,15.0814,15.2082,118382348.0
1326819600000,15.2089,15.2121,15.1057,15.1679,109371192.0
1326834000000,15.1682,15.1854,15.1632,15.1786,5090820.0
1326877200000,15.1921,15.25,15.1921,15.2143,245532.0
1326891600000,15.2093,15.2886,15.1964,15.2557,137282236.0
1326906000000,15.2554,15.3382,15.2464,15.3246,122823764.0
1326920400000,15.3211,15.3661,15.281,15.3607,3980368.0
1326963600000,15.3861,15.3968,15.3607,15.3761,586460.0
1326978000000,15.375,15.406,15.2929,15.3336,134697780.0
1327309200000,15.0786,15.1736,15.0714,15.1107,599648.0
1327323600000,15.1186,15.3018,15.0107,15.1957,165885608.0
1327338000000,15.195,15.2711,15.1654,15.2629,127803480.0
1327352400000,15.2654,15.2829,15.1968,15.2214,3374308.0
1327395600000,15.2679,15.2679,15.1964,15.1964,395024.0
1327410000000,15.2032,15.23,15.1093,15.1286,128850848.0
1327424400000,15.1275,15.1536,14.9839,15.018,240192596.0
1327438800000,15.0179,16.7482,14.9643,16.11,172679612.0
1327482000000,16.1143,16.2243,16.0411,16.2054,4696356.0
1327496400000,16.1986,16.4107,15.9007,16.0232,622789524.0
1327510800000,16.0236,16.0357,15.8475,15.9493,316445360.0
1327525200000,15.9643,16.0714,15.9375,15.9643,5588184.0
1327568400000,15.9754,16.0489,15.9729,16.0214,1287048.0
1327582800000,16.025,16.0425,15.8514,15.9054,176109780.0
1327597200000,15.9043,15.9057,15.8264,15.8771,136341940.0
1327611600000,15.8739,15.9039,15.8611,15.8625,2163168.0
1327654800000,15.9039,15.9825,15.9036,15.9096,462392.0
1327669200000,15.9071,15.9714,15.835,15.9168,128567348.0
1327683600000,15.9186,16.0171,15.895,15.9811,139808760.0
1327698000000,15.9829,16.0,15.9657,15.9871,2858156.0
1327914000000,15.9218,15.9507,15.8854,15.9157,574280.0
1327928400000,15.9154,16.1911,15.8864,16.145,203890008.0
1327942800000,16.1461,16.2107,16.1364,16.1789,149050776.0
1327957200000,16.1789,16.2107,16.1152,16.2089,10712156.0
1328000400000,16.3039,16.3175,16.2429,16.2539,1034880.0
1328014800000,16.2521,16.3657,16.1811,16.2168,224456456.0
1328029200000,16.2197,16.3089,16.185,16.3029,138313028.0
1328043600000,16.3029,16.3029,16.2504,16.2625,6086500.0
1328086800000,16.3214,16.4286,16.3214,16.3786,867412.0
1328101200000,16.3743,16.3925,16.2696,16.3011,151931248.0
1328518800000,16.3607,16.3829,16.3571,16.3589,82628.0
1328533200000,16.3711,16.5954,16.3443,16.5821,137009096.0
1328547600000,16.5821,16.6064,16.5464,16.5664,104940640.0
1328562000000,16.5704,16.6018,16.5536,16.5911,2678592.0
1328605200000,16.6071,16.62,16.5589,16.5714,276164.0
1328619600000,16.5854,16.7654,16.5714,16.7517,158254180.0
1328634000000,16.7518,16.7768,16.7096,16.7432,151660292.0
1328648400000,16.7311,16.7468,16.7311,16.7379,1597736.0
1328691600000,16.8093,16.8686,16.7864,16.8121,742280.0
1328706000000,16.8175,16.9364,16.7439,16.8814,219585576.0
1328720400000,16.8806,17.0282,16.8489,17.0239,177722692.0
1328734800000,17.0229,17.0607,17.0021,17.0218,3265024.0
1328778000000,17.0754,17.1007,17.0357,17.0775,960064.0
1328792400000,17.0714,17.6829,17.0654,17.6253,518562380.0
1328806800000,17.6229,17.7411,17.5729,17.6129,350085876.0
1328821200000,17.6129,17.6675,17.5914,17.6675,5650204.0
1328864400000,17.6607,17.6661,17.4561,17.5179,1945552.0
1328878800000,17.5321,17.7721,17.4482,17.7136,352479344.0
1328893200000,17.7136,17.7325,17.5732,17.6318,263944632.0
1328907600000,17.6275,17.6921,17.6085,17.665,6742904.0
1329123600000,17.6139,17.8479,17.6139,17.8211,2041424.0
1329138000000,17.8211,17.9939,17.7939,17.847,291664828.0
1329152400000,17.8489,17.95,17.7532,17.9493,202896036.0
1329166800000,17.9457,17.9889,17.836,17.9571,16191364.0
1329210000000,17.9643,18.1179,17.9643,18.0232,1850744.0
1329224400000,18.0336,18.075,17.9286,18.0007,199736880.0
1329238800000,18.0018,18.1986,17.9625,18.1934,228359292.0
1329253200000,18.195,18.2907,18.1693,18.2679,9125564.0
1329296400000,18.2982,18.5243,18.2982,18.4143,2660448.0
1329310800000,18.4143,18.7961,18.2768,18.7861,502537812.0
1329814800000,18.1068,18.1089,17.945,17.9893,1608040.0
1329829200000,17.9982,18.3361,17.9689,18.3298,273654892.0
1329843600000,18.3275,18.3875,18.0821,18.3771,300396656.0
1329858000000,18.3804,18.4621,18.2593,18.3404,8549156.0
1329901200000,18.4239,18.4239,18.345,18.3639,972860.0
1329915600000,18.3607,18.4104,18.1811,18.3054,263065264.0
1329930000000,18.3032,18.3907,18.2586,18.3229,202351352.0
1329944400000,18.3186,18.3525,18.315,18.3425,4673984.0
1329987600000,18.3929,18.4171,18.3407,18.4061,1306088.0
1330002000000,18.4,18.4939,18.3268,18.4196,212181088.0
1330016400000,18.4179,18.4732,18.1964,18.4397,343472472.0
1330030800000,18.4411,18.4604,18.3893,18.4557,4308248.0
1330074000000,18.48,18.5786,18.48,18.5,1611148.0
1330088400000,18.51,18.6107,18.4686,18.5721,185684968.0
1330102800000,18.5725,18.675,18.5621,18.6557,209839812.0
1330117200000,18.6575,18.6614,18.6329,18.6432,3563420.0
1330333200000,18.5804,18.6032,18.5571,18.5711,398412.0
1330347600000,18.5714,18.7407,18.4386,18.7175,255597552.0
1330362000000,18.7182,18.875,18.6996,18.7786,280306964.0
1330376400000,18.7846,18.795,18.7618,18.7921,5289928.0
1330419600000,18.875,18.88,18.8393,18.8646,614236.0
1330434000000,18.865,19.0429,18.7754,19.0164,276894996.0
1330448400000,19.0146,19.1207,18.9686,19.1182,299328736.0
1330462800000,19.1218,19.1979,19.0487,19.1904,11578420.0
1330506000000,19.2857,19.3296,19.1879,19.2129,1574440.0
1330520400000,19.2271,19.5575,19.1893,19.3579,504605920.0
1330534800000,19.3621,19.4821,19.1321,19.3707,404444432.0
1330549200000,19.3518,19.3861,19.3354,19.3696,13803524.0
1330592400000,19.4286,19.5179,19.4286,19.4839,1555148.0
1331024400000,18.9543,18.9643,18.7518,18.8768,2135728.0
1331038800000,18.8786,19.0604,18.4365,18.9286,501054596.0
1331053200000,18.9311,18.9857,18.8036,18.9375,294831404.0
1331067600000,18.9425,18.9636,18.8665,18.9636,4566716.0
1331110800000,19.0129,19.1393,19.0129,19.0464,1477840.0
1331125200000,19.0482,19.2064,19.0186,19.1379,247003932.0
1331139600000,19.1375,19.1604,18.6893,18.9511,537326888.0
1331154000000,18.9536,19.1328,18.9393,18.9711,7239680.0
1331197200000,19.0064,19.0961,19.0064,19.0618,1670984.0
1331211600000,19.0614,19.1879,19.0043,19.1806,208461932.0
1331226000000,19.1809,19.3925,19.1575,19.3482,294964152.0
1331240400000,19.3554,19.3707,19.3396,19.3532,3664920.0
1331283600000,19.3929,19.4429,19.3589,19.3696,934892.0
1331298000000,19.3632,19.5621,19.34,19.4786,227870440.0
1331312400000,19.4804,19.4907,19.3968,19.465,172611292.0
1331326800000,19.4657,19.4989,19.4571,19.4596,3721144.0
1331542800000,19.4643,19.6107,19.4414,19.5832,7842296.0
1331557200000,19.5843,19.6936,19.5357,19.6904,262271856.0
1331571600000,19.6921,19.7354,19.6504,19.7321,123662308.0
1331586000000,19.7321,19.7857,19.7261,19.7764,3648372.0
1331614800000,19.7357,19.8393,19.7357,19.8393,103320.0
1331629200000,19.85,19.9196,19.8393,19.8829,5059124.0
1331643600000,19.88,20.1468,19.8482,20.1273,366293060.0
1331658000000,20.1293,20.2993,20.0607,20.2961,302290632.0
1331672400000,20.2921,20.3107,20.2468,20.3018,2439108.0
1331701200000,20.3371,20.4607,20.3371,20.4325,187852.0
1331715600000,20.4604,20.6332,20.4436,20.62,16490712.0
1331730000000,20.6204,20.9532,20.5743,20.935,599409356.0
1331744400000,20.9382,21.24,20.55,21.0914,782065760.0
1332316800000,21.6679,21.6932,21.5464,21.5789,802956.0
1332331200000,21.5721,21.7107,21.4682,21.6404,288482684.0
1332345600000,21.6389,21.7732,21.5179,21.5179,312445224.0
1332360000000,21.5243,21.5704,21.5164,21.5629,31714760.0
1332403200000,21.5714,21.5718,21.3439,21.3504,1614368.0
1332417600000,21.3464,21.5893,21.2689,21.4943,298442900.0
1332432000000,21.4939,21.5393,21.2704,21.4071,307227088.0
1332446400000,21.4039,21.4232,21.3679,21.3696,6154288.0
1332489600000,21.4643,21.4643,21.3561,21.3707,888272.0
1332504000000,21.3782,21.4929,21.3119,21.3743,171422608.0
1332518400000,21.3743,21.4286,21.2286,21.2929,243028772.0
1332532800000,21.2789,21.3214,21.2589,21.2814,6201692.0
1332748800000,21.3571,21.4107,21.3071,21.3821,1058540.0
1332763200000,21.3832,21.4721,21.2593,21.3233,205707460.0
1332777600000,21.3214,21.6839,21.3036,21.6743,358707636.0
1332792000000,21.6729,21.6857,21.3618,21.6607,15575364.0
1332835200000,21.6879,21.6964,21.595,21.6179,960008.0
1332849600000,21.6071,21.9611,21.6036,21.9086,318860248.0
1332864000000,21.9096,22.01,21.8721,21.9489,274273020.0
1332878400000,21.9493,21.9568,21.9036,21.9568,6383720.0
1332921600000,21.9657,22.0736,21.9657,22.0411,1461432.0
1332936000000,22.0479,22.1946,21.9536,22.0115,335216168.0
1332950400000,22.0121,22.0796,21.7968,22.0575,293341944.0
1332964800000,22.0579,22.0714,22.0446,22.0543,8100596.0
1333008000000,22.0714,22.0979,22.0,22.0346,632996.0
1333022400000,22.0311,22.0536,21.7364,21.7493,291491480.0
1333036800000,21.7496,21.9539,21.6868,21.7807,289442720.0
1333051200000,21.7782,21.8232,21.6332,21.6721,20003256.0
1333094400000,21.6193,21.8429,21.6189,21.8111,2330608.0
1333612800000,22.3136,22.35,22.1436,22.2857,1064112.0
1333627200000,22.2786,22.5311,22.2161,22.5304,263879728.0
1333641600000,22.5298,22.6664,22.5111,22.6311,361272912.0
1333656000000,22.6311,22.655,22.302,22.655,5449948.0
1333958400000,22.4286,22.5104,22.2696,22.3357,2390220.0
1333972800000,22.3461,22.7679,22.2696,22.7006,334283740.0
1333987200000,22.6993,22.8514,22.654,22.7229,250607364.0
1334001600000,22.7218,22.7332,22.6661,22.6971,4147696.0
1334044800000,22.7779,22.8743,22.7679,22.8214,1649564.0
1334059200000,22.8286,23.0,22.6386,22.7471,384511512.0
1334073600000,22.7496,22.75,22.3571,22.4554,482947388.0
1334088000000,22.4443,22.6068,22.37,22.5714,9024400.0
1334131200000,22.5714,22.75,22.5214,22.7179,2031344.0
1334145600000,22.72,22.7461,22.4204,22.4475,287136276.0
1334160000000,22.4436,22.5089,22.2622,22.3611,349445852.0
1334174400000,22.365,22.4036,22.3575,22.3643,4399248.0
1334217600000,22.4643,22.4857,22.375,22.4732,944916.0
1334232000000,22.4786,22.5475,22.1936,22.4004,280886704.0
1334246400000,22.3968,22.4196,22.1607,22.2339,318258948.0
1334260800000,22.2346,22.3036,22.1643,22.1936,6319012.0
1334304000000,22.2143,22.2536,22.1893,22.2054,1185772.0
1334318400000,22.2054,22.3179,21.5539,21.7353,499373196.0
1334332800000,21.7361,21.8143,21.5982,21.6139,293792128.0
1334347200000,21.6189,21.625,21.5714,21.5893,6246632.0
1334563200000,21.5671,21.7321,21.5536,21.6782,1179892.0
1334577600000,21.6771,21.8389,20.7964,21.0125,577360560.0
1334592000000,21.0071,21.0892,20.6518,20.7375,448130872.0
1334606400000,20.7254,20.9393,20.7214,20.7643,4727016.0
1334649600000,20.6679,20.75,20.2679,20.6761,3976560.0
1334908800000,21.0,21.0718,20.9018,20.9361,1701672.0
1334923200000,20.9432,21.2364,20.7664,20.8761,435785476.0
1334937600000,20.8761,20.9329,20.3721,20.443,569258424.0
1334952000000,20.4432,20.5411,20.4432,20.4714,13729212.0
1335168000000,20.4643,20.4643,20.1821,20.2857,2450084.0
1335182400000,20.2939,20.5954,19.8793,20.3213,530051060.0
1335196800000,20.3186,20.5668,20.2739,20.4286,409443608.0
1335211200000,20.4286,20.5536,20.3578,20.4411,5720288.0
1335254400000,20.4896,20.7143,20.1189,20.1443,6277768.0
1335268800000,20.15,20.3214,19.9107,20.0357,398996108.0
1335283200000,20.0357,20.1421,19.8214,20.0139,481950364.0
1335297600000,20.0107,21.5857,19.8286,21.5646,178805060.0
1335340800000,21.5643,22.0,21.5643,21.8304,10785208.0
1335355200000,21.8325,22.0793,21.6543,21.8096,603621284.0
1335369600000,21.8116,21.8571,21.6429,21.78,272390944.0
1335384000000,21.7821,22.0232,21.7761,21.8114,6159160.0
1335427200000,21.8932,21.9554,21.7857,21.8482,620816.0
1335441600000,21.8518,21.9557,21.5046,21.5875,276992548.0
1335456000000,21.59,21.8,21.5504,21.7043,237648992.0
1335470400000,21.7068,21.755,21.5893,21.5893,6345528.0
1335513600000,21.6136,21.7321,21.6136,21.7043,394016.0
1335528000000,21.6911,21.6964,21.4464,21.61,226149980.0
1335542400000,21.6104,21.6161,21.4793,21.5357,167835052.0
1335556800000,21.5354,21.5518,21.5186,21.5311,2686488.0
1335772800000,21.6071,21.6071,21.3911,21.3911,668080.0
1335787200000,21.4068,21.5,20.9675,21.0389,258268696.0
1335801600000,21.0389,21.0446,20.8214,20.8589,223437732.0
1336377600000,20.0714,20.1607,20.0214,20.0964,1180088.0
1336392000000,20.0821,20.4561,20.0107,20.1464,266737408.0
1336406400000,20.1438,20.4368,20.1264,20.3443,186424812.0
1336420800000,20.3407,20.3679,20.238,20.35,2202984.0
1336464000000,20.2882,20.3571,20.2021,20.3571,362488.0
1336478400000,20.3571,20.4407,19.9546,20.1068,243767328.0
1336492800000,20.1046,20.3875,19.9821,20.2882,237716892.0
1336507200000,20.2882,20.2993,20.2482,20.25,9392740.0
1336550400000,20.2179,20.2179,20.1486,20.1864,919520.0
1336564800000,20.1864,20.4992,20.0304,20.4068,265697796.0
1336579200000,20.4121,20.4979,20.2906,20.3304,198187164.0
1336593600000,20.3461,20.3536,20.2193,20.2832,4144168.0
1336636800000,20.3571,20.5357,20.2643,20.4964,741888.0
1336651200000,20.4911,20.5671,20.3846,20.445,173859308.0
1336665600000,20.4454,20.5096,20.3015,20.3743,143615528.0
1336680000000,20.3757,20.4107,20.2357,20.2536,4857748.0
1336723200000,20.3093,20.3304,20.2321,20.2786,1391628.0
1336737600000,20.2786,20.5168,20.0536,20.3675,226876328.0
1336752000000,20.3607,20.3711,20.2129,20.2396,161336000.0
1336766400000,20.2343,20.2489,20.1925,20.2029,3089576.0
1336982400000,20.1071,20.1875,20.0893,20.1571,233352.0
1336996800000,20.1768,20.2682,20.0714,20.1196,167588232.0
1337011200000,20.1211,20.1664,19.9143,19.9318,174168960.0
1337025600000,19.9304,20.0357,19.9282,20.0357,2989896.0
1337068800000,20.0521,20.125,20.0282,20.125,805672.0
1337083200000,20.1204,20.1357,19.8839,20.0507,220939068.0
1337097600000,20.0489,20.115,19.7054,19.7532,219738008.0
1337112000000,19.7514,19.9379,19.7389,19.7979,2612260.0
1337155200000,19.7036,19.9211,19.69,19.8929,1436596.0
1337169600000,19.8754,19.9029,19.6554,19.7268,208495588.0
1337587200000,19.1071,19.1429,19.0,19.0846,393316.0
1337601600000,19.0768,19.6246,19.045,19.5446,284464600.0
1337616000000,19.5418,20.055,19.525,20.0464,323837052.0
1337630400000,20.0464,20.1679,19.5707,20.1429,8745492.0
1337673600000,20.1786,20.4286,20.0975,20.2018,1458604.0
1337688000000,20.2032,20.4957,20.1389,20.1514,364888496.0
1337702400000,20.155,20.2407,19.735,19.8896,314349000.0
1337716800000,19.8918,19.9229,19.8214,19.8396,4139380.0
1337760000000,19.7929,19.8357,19.7257,19.8286,633892.0
1337774400000,19.8282,20.0493,19.7218,19.8489,242488540.0
1337788800000,19.8478,20.4571,19.7886,20.3682,319706940.0
1337803200000,20.3854,20.4879,20.0709,20.4161,7484596.0
1337817600000,20.4,20.4,20.4,20.4,9100.0
1337846400000,20.3796,20.5325,20.3214,20.4786,906696.0
1337860800000,20.4818,20.5893,20.2161,20.2689,267351672.0
1337875200000,20.2689,20.3446,20.0439,20.1875,216352220.0
1337889600000,20.1764,20.2307,20.1429,20.2089,3930220.0
1337932800000,20.25,20.3357,20.2321,20.2436,409080.0
1337947200000,20.25,20.2946,19.9454,19.9719,166066796.0
1337961600000,19.9719,20.1239,19.9518,20.0818,152432196.0
1337976000000,20.0782,20.1004,20.0714,20.0893,2583056.0
1338278400000,20.29,20.3304,20.1857,20.2489,428540.0
1338292800000,20.2364,20.5,20.2179,20.2854,207110820.0
1338307200000,20.2814,20.4586,20.1896,20.4379,162305052.0
1338321600000,20.4382,20.4607,20.4064,20.4196,3321948.0
1338364800000,20.3668,20.4207,20.2543,20.3571,1182636.0
1338379200000,20.3343,20.4586,20.2343,20.4182,208241516.0
1338393600000,20.4136,20.7139,20.3575,20.6789,310171512.0
1338408000000,20.6843,20.6957,20.4885,20.6218,3906812.0
1338451200000,20.7321,20.775,20.6786,20.74,876148.0
1338465600000,20.7407,20.8125,20.4093,20.5841,232637664.0
1338796800000,19.9643,20.0864,19.8529,20.0664,891100.0
1338811200000,20.0625,20.2071,19.5893,19.6714,268437904.0
1338825600000,19.6686,20.2679,19.625,20.1532,273617792.0
1338840000000,20.1479,20.1571,19.8536,20.1429,3980004.0
1338883200000,20.0179,20.0961,20.0179,20.0961,452340.0
1338897600000,20.0929,20.2311,20.0107,20.04,187227684.0
1338912000000,20.046,20.1771,19.9404,20.0957,190264256.0
1338926400000,20.0954,20.1607,20.0739,20.1607,3717756.0
1338969600000,20.2018,20.3546,20.2018,20.3339,1247904.0
1338984000000,20.3371,20.4946,20.1907,20.4257,217675976.0
1338998400000,20.4239,20.4589,20.3236,20.4189,171078348.0
1339012800000,20.4186,20.4421,20.3982,20.4393,3351376.0
1339056000000,20.445,20.6143,20.4286,20.5982,929236.0
1339070400000,20.5964,20.625,20.375,20.4857,196118720.0
1339084800000,20.4825,20.5893,20.3754,20.4193,171216920.0
1339099200000,20.4214,20.4554,20.4189,20.4393,2920176.0
1339142400000,20.3214,20.3907,20.2607,20.3707,368704.0
1339156800000,20.3621,20.5039,20.3214,20.4275,130604208.0
1339171200000,20.4263,20.7351,20.4254,20.7239,199230332.0
1339185600000,20.7246,20.7875,20.5536,20.7821,8244684.0
1339401600000,20.7839,21.0554,20.7839,20.8789,2008076.0
1339416000000,20.8911,21.0179,20.845,20.99,223140092.0
1339430400000,20.9911,20.9968,20.3796,20.4107,353457692.0
1339444800000,20.4111,20.7647,20.3571,20.3618,6052676.0
1339488000000,20.4311,20.5325,20.4311,20.4896,831768.0
1339502400000,20.5,20.5936,20.2393,20.5418,247475340.0
1339516800000,20.5429,20.5786,20.3846,20.5768,174170696.0
1339531200000,20.5768,20.615,20.5251,20.6107,2678788.0
1339574400000,20.5775,20.5893,20.5357,20.5714,107800.0
1339588800000,20.5714,20.66,20.4736,20.5932,133117264.0
1339603200000,20.5893,20.6246,20.3707,20.4339,140418824.0
1340092800000,20.8575,20.98,20.85,20.8821,1673084.0
1340107200000,20.8929,21.0532,20.8036,20.9893,195714204.0
1340121600000,20.9883,21.0714,20.9218,20.9764,155649228.0
1340136000000,20.9718,20.9789,20.9468,20.9554,2513224.0
1340179200000,20.9732,21.0311,20.9732,21.0039,152180.0
1340193600000,21.0,21.0446,20.8311,20.8686,121535036.0
1340208000000,20.8679,21.0089,20.7429,20.9163,219645692.0
1340222400000,20.9171,20.9546,20.8954,20.8954,2845080.0
1340265600000,20.8571,20.9375,20.8393,20.9125,115220.0
1340280000000,20.9125,21.0079,20.8643,20.8889,128978528.0
1340294400000,20.8883,20.9007,20.6229,20.6286,187315800.0
1340308800000,20.6257,20.9262,20.6254,20.6789,2737784.0
1340352000000,20.7,20.7043,20.6518,20.695,293888.0
1340366400000,20.6893,20.7232,20.5507,20.6189,129356052.0
1340380800000,20.6182,20.7925,20.5861,20.7857,122621408.0
1340395200000,20.7889,20.7893,20.7321,20.7625,13495328.0
1340611200000,20.7893,20.7893,20.6518,20.6768,137620.0
1340625600000,20.6764,20.7071,20.3864,20.4293,138306952.0
1340640000000,20.4293,20.5214,20.3704,20.3839,154372652.0
1340654400000,20.3829,20.5072,20.3821,20.3929,2607836.0
1340697600000,20.4357,20.4639,20.3661,20.39,279328.0
1340712000000,20.4014,20.5175,20.3146,20.3857,131042800.0
1340726400000,20.3904,20.4589,20.2618,20.4307,136961860.0
1340740800000,20.4332,20.4347,20.4107,20.4107,4129272.0
1340784000000,20.4357,20.5107,20.4296,20.5,351232.0
1340798400000,20.5,20.5979,20.4761,20.555,104468896.0
1340812800000,20.555,20.5711,20.4257,20.5161,92220856.0
1340827200000,20.5171,20.5232,20.5018,20.5079,1236536.0
1340870400000,20.4643,20.5,20.4021,20.4286,234080.0
1340884800000,20.4596,20.5,20.3046,20.331,117553044.0
1340899200000,20.3257,20.3571,20.2004,20.3129,154167524.0
1340913600000,20.3129,20.3339,20.2189,20.2196,3364984.0
1340956800000,20.3393,20.5354,20.3393,20.5107,1081612.0
1340971200000,20.5107,20.7268,20.4893,20.7189,189258468.0
1341475200000,21.3929,21.535,21.3571,21.4489,943376.0
1341489600000,21.4611,21.9357,21.4161,21.8402,289040136.0
1341504000000,21.8379,21.9407,21.7768,21.7837,181758836.0
1341518400000,21.7875,21.8043,21.4075,21.7889,3829728.0
1341561600000,21.6825,21.7679,21.6071,21.7257,640080.0
1341576000000,21.7314,21.7464,21.485,21.5321,205141160.0
1341590400000,21.5305,21.7243,21.5011,21.6507,206609284.0
1341604800000,21.65,21.6611,21.5739,21.6611,2426172.0
1341820800000,21.7321,21.7321,21.5536,21.6389,287784.0
1341835200000,21.6568,21.8892,21.5754,21.7868,197907024.0
1341849600000,21.785,21.925,21.7818,21.9246,164873940.0
1341864000000,21.925,21.9464,21.9,21.9464,4963308.0
1341907200000,21.8775,22.0393,21.8775,22.0089,1909488.0
1341921600000,22.0039,22.1382,21.8571,21.9525,260478960.0
1341936000000,21.9546,21.9961,21.6182,21.7196,236541872.0
1341950400000,21.7214,21.7243,21.6393,21.6571,4937800.0
1341993600000,21.7536,21.8214,21.6918,21.7093,1098888.0
1342008000000,21.7082,21.7418,21.4857,21.5568,160775216.0
1342022400000,21.5593,21.6396,21.3293,21.5868,243387872.0
1342036800000,21.5868,21.6554,21.4939,21.6386,5094964.0
1342080000000,21.5357,21.5357,21.4054,21.4393,568260.0
1342094400000,21.4429,21.5522,21.1671,21.4036,220119956.0
1342108800000,21.4014,21.5525,21.3436,21.3874,202185928.0
1342123200000,21.3896,21.4,21.3571,21.3629,1377180.0
1342166400000,21.4536,21.4889,21.4286,21.4504,307104.0
1342180800000,21.4464,21.5893,21.4214,21.5282,133378084.0
1342195200000,21.525,21.6854,21.5243,21.6,164374308.0
1342209600000,21.6061,21.6161,21.5911,21.6071,3369800.0
1342425600000,21.6071,21.6071,21.5714,21.6071,133308.0
1342440000000,21.5946,21.8436,21.5561,21.7729,167290452.0
1342454400000,21.7768,21.8089,21.6304,21.6768,127109304.0
1342468800000,21.6768,21.6775,21.6475,21.6643,1566376.0
1342512000000,21.7682,21.8036,21.7525,21.8036,499884.0
1342684800000,21.7839,21.8143,21.7286,21.7786,671832.0
1342699200000,21.7721,21.8857,21.7232,21.8257,186229372.0
1342713600000,21.8261,21.9768,21.6429,21.9436,237523972.0
1342728000000,21.9418,22.04,21.8969,22.0004,5337584.0
1342771200000,21.9646,21.9871,21.8214,21.8571,535752.0
1342785600000,21.8739,21.9643,21.7214,21.7271,180566540.0
1342800000000,21.7225,21.7343,21.5643,21.5643,190131844.0
1342814400000,21.5664,21.6032,21.5507,21.5743,7874832.0
1343030400000,21.6071,21.6071,21.3089,21.3214,634704.0
1343044800000,21.3214,21.415,20.9896,21.3511,275542876.0
1343059200000,21.3536,21.6393,21.0,21.5657,202889064.0
1343073600000,21.5589,21.5607,21.4857,21.4964,3757432.0
1343116800000,21.5536,21.6,21.4971,21.5304,1139236.0
1343131200000,21.545,21.7743,21.4879,21.5839,202329568.0
1343145600000,21.5821,21.7143,21.3754,21.4743,224947436.0
1343160000000,21.4846,21.5439,20.1786,20.2786,125867280.0
1343203200000,20.3214,20.5714,20.2796,20.4821,7055860.0
1343217600000,20.5404,20.7429,20.3571,20.4721,548657452.0
1343232000000,20.4686,20.7143,20.4407,20.5346,310180808.0
1343246400000,20.535,20.5643,20.5232,20.5464,2165828.0
1343289600000,20.6071,20.7411,20.5411,20.7071,2163532.0
1343304000000,20.7079,20.7321,20.3929,20.4107,229391932.0
1343318400000,20.4086,20.5683,20.37,20.5236,165508028.0
1343332800000,20.5268,20.5821,20.4746,20.5175,2600220.0
1343376000000,20.5611,20.6425,20.5414,20.5571,388752.0
1343390400000,20.5536,20.6957,20.4139,20.6739,170757048.0
1343404800000,20.675,20.9225,20.6286,20.9029,216394248.0
1343419200000,20.9071,20.9082,20.8875,20.9,6316436.0
1343635200000,20.8964,20.9171,20.8661,20.8839,384636.0
1343649600000,20.8832,21.4086,20.875,21.2571,230596128.0
1343980800000,21.7929,21.8714,21.7929,21.7946,830732.0
1343995200000,21.7932,22.0707,21.7143,22.0175,188536852.0
1344009600000,22.0144,22.0446,21.9475,21.9875,145117140.0
1344024000000,21.98,22.0018,21.9686,22.0,4654188.0
1344240000000,22.0539,22.1014,22.0539,22.0946,639772.0
1344254400000,22.0875,22.2604,21.9736,22.2585,164210480.0
1344268800000,22.2585,22.3167,22.1986,22.2315,131282956.0
1344283200000,22.2275,22.2275,22.1092,22.2143,1582476.0
1344326400000,22.3029,22.3246,22.2625,22.2639,542164.0
1344340800000,22.2786,22.3214,22.0729,22.2611,164453296.0
1344355200000,22.2607,22.3125,22.1325,22.1775,117382048.0
1344369600000,22.1679,22.1907,22.1543,22.1607,1182608.0
1344412800000,22.1179,22.1504,22.0786,22.1071,333452.0
1344427200000,22.1504,22.2386,22.0393,22.2196,117893132.0
1344441600000,22.2218,22.2814,22.1236,22.1375,115141040.0
1344456000000,22.1379,22.1564,22.1071,22.1375,2786868.0
1344499200000,22.1179,22.1179,22.0021,22.05,754208.0
1344513600000,22.0536,22.2046,22.0179,22.1254,115358880.0
1344528000000,22.1254,22.1786,22.1175,22.1689,82605068.0
1344542400000,22.165,22.1836,22.1536,22.1786,1172248.0
1344585600000,22.1321,22.1321,22.06,22.0893,230468.0
1344600000000,22.0907,22.2057,22.0786,22.1504,83253128.0
1344614400000,22.1504,22.2046,22.1271,22.2014,94465140.0
1344628800000,22.2014,22.2314,22.2014,22.2232,1882804.0
1344844800000,22.2036,22.3571,22.1661,22.3261,689584.0
1344859200000,22.3268,22.445,22.2589,22.4018,146719608.0
1344873600000,22.4018,22.5,22.3804,22.5,119837676.0
1344888000000,22.5,22.5714,22.4893,22.5357,5458292.0
1344931200000,22.6225,22.6521,22.5786,22.61,785428.0
1344945600000,22.6071,22.8075,22.5536,22.7261,170196628.0
1344960000000,22.7282,22.7679,22.5075,22.5582,163360260.0
1344974400000,22.5618,22.5893,22.5489,22.5893,1817564.0
1345017600000,22.5357,22.6107,22.5071,22.5439,569632.0
1345449600000,23.2682,23.3482,23.1604,23.1846,1383340.0
1345464000000,23.1857,23.7407,23.175,23.7193,316296176.0
1345478400000,23.7189,23.7554,23.5257,23.7496,276341072.0
1345492800000,23.755,23.8054,23.7507,23.8036,5362868.0
1345536000000,23.8714,23.9286,23.8232,23.9011,1651552.0
1345550400000,23.9014,24.1029,23.4825,23.5643,429084096.0
1345564800000,23.5675,23.5811,23.2261,23.4357,366507008.0
1345579200000,23.4366,23.5382,23.3929,23.4,6477884.0
1345622400000,23.4286,23.5,23.3611,23.4136,761040.0
1345636800000,23.4057,23.6768,23.1468,23.6751,294411936.0
1345651200000,23.6764,23.8929,23.5175,23.8886,259078680.0
1345665600000,23.8914,23.9175,23.7861,23.89,4080356.0
1345708800000,23.9286,24.0354,23.8629,23.8714,1187368.0
1345723200000,23.8714,23.9786,23.6125,23.8075,240890804.0
1345737600000,23.8046,23.8521,23.6521,23.6557,174118448.0
1345752000000,23.6593,23.8882,23.6557,23.6989,2902536.0
1345795200000,23.6786,23.6786,23.525,23.6339,404488.0
1345809600000,23.6261,23.8161,23.4125,23.787,224757988.0
1345824000000,23.7854,23.91,23.6218,23.685,192789940.0
1345838400000,23.6882,24.1407,23.6464,24.1054,13643728.0
1346054400000,24.1425,24.39,24.1425,24.2964,5592776.0
1346068800000,24.3125,24.3964,24.055,24.1846,276472700.0
1346083200000,24.1836,24.2143,24.0761,24.1239,140370496.0
1346097600000,24.1361,24.1429,24.1071,24.1429,3114300.0
1346140800000,24.1429,24.2411,24.1286,24.1429,514332.0
1346155200000,24.1568,24.1575,23.9526,24.1118,154848148.0
1346169600000,24.1118,24.1464,24.0468,24.0982,105685580.0
1346184000000,24.1007,24.1225,24.0506,24.1204,1737232.0
1346227200000,24.1054,24.125,24.0893,24.1064,166852.0
1346745600000,23.8607,23.8839,23.8036,23.8571,772436.0
1346760000000,23.8482,23.9932,23.7321,23.8645,166458152.0
1346774400000,23.8661,24.1121,23.8171,24.0943,190477196.0
1346788800000,24.0971,24.1268,23.9166,24.1068,3389204.0
1346832000000,24.1061,24.1554,24.0368,24.125,864976.0
1346846400000,24.1243,24.1657,23.9554,24.0357,169062768.0
1346860800000,24.0363,24.1382,23.9143,23.9339,142758392.0
1346875200000,23.9375,24.0743,23.93,23.9464,2562196.0
1346918400000,23.9814,24.0846,23.9814,24.0329,499072.0
1346932800000,24.0286,24.1136,23.9561,24.0782,165832352.0
1346947200000,24.0782,24.2246,24.0679,24.155,206928652.0
1346961600000,24.1439,24.1821,24.1439,24.175,2764972.0
1347004800000,24.2489,24.2679,24.2179,24.225,407708.0
1347019200000,24.2286,24.3393,24.1296,24.285,181626340.0
1347033600000,24.285,24.3743,24.2718,24.2996,137414032.0
1347048000000,24.3011,24.3036,24.2821,24.2857,3485440.0
1347264000000,24.295,24.3321,24.2932,24.3293,582624.0
1347278400000,24.3261,24.4032,23.9868,24.1029,215362392.0
1347292800000,24.1021,24.1071,23.6464,23.6614,257911472.0
1347307200000,23.6654,23.7018,23.5504,23.5821,9649724.0
1347350400000,23.6261,23.7946,23.6261,23.7936,1589056.0
1347364800000,23.7921,23.9321,23.6861,23.7893,214891516.0
1347379200000,23.7893,23.83,23.4464,23.5929,263502988.0
1347393600000,23.5943,23.6511,23.5893,23.6429,3386208.0
1347436800000,23.7507,23.8568,23.7061,23.7139,1363824.0
1347451200000,23.7143,23.8214,23.5179,23.6631,191209116.0
1347465600000,23.6632,23.925,23.4286,23.9236,499484356.0
1347480000000,23.9211,24.0429,23.5925,23.9714,12606972.0
1347523200000,23.9161,24.1286,23.8932,24.0893,3557848.0
1347537600000,24.0982,24.2739,24.0,24.2007,224983808.0
1347868800000,24.7857,24.85,24.7643,24.8032,1037484.0
1347883200000,24.7989,24.9939,24.78,24.9357,190107652.0
1347897600000,24.935,24.9929,24.8075,24.9929,166814900.0
1347912000000,24.9929,25.0714,24.9223,25.0679,13104476.0
1347955200000,25.0286,25.1,25.0268,25.0893,1490888.0
1347969600000,25.0893,25.0893,24.8721,24.9882,203709072.0
1347984000000,24.9871,25.0832,24.9182,25.0697,156017596.0
1347998400000,25.0707,25.0786,24.9909,25.0375,3240524.0
1348041600000,25.1429,25.1429,25.0286,25.0286,564480.0
1348056000000,25.0343,25.125,24.9846,25.0329,161918484.0
1348070400000,25.035,25.1425,25.0282,25.0776,135818508.0
1348084800000,25.0754,25.0871,25.0393,25.06,2754668.0
1348128000000,24.9643,25.0286,24.9314,25.0,576968.0
1348142400000,24.9968,25.0179,24.7721,24.9382,172578140.0
1348156800000,24.9382,25.0021,24.875,24.9534,146140008.0
1348171200000,24.9568,24.9818,24.9432,24.9818,2958200.0
1348214400000,24.9911,25.1546,24.9911,25.1304,1475236.0
1348228800000,25.1304,25.1811,25.0539,25.1714,259622104.0
1348243200000,25.1714,25.1761,24.9772,25.025,227774260.0
1348257600000,25.0139,25.1071,24.9922,25.0036,43387232.0
1348473600000,24.9964,24.9964,24.8114,24.825,1076572.0
1348488000000,24.825,24.8571,24.3525,24.6786,330289876.0
1348502400000,24.6779,24.7118,24.4168,24.6371,287614488.0
1348516800000,24.6325,24.6504,24.4643,24.5321,4731244.0
1348560000000,24.5625,24.5893,24.5143,24.5321,754208.0
1348574400000,24.5357,24.7421,24.5,24.6446,176847216.0
1348588800000,24.6439,24.6518,24.0357,24.0607,320245744.0
1348603200000,24.0561,24.1154,24.0219,24.1107,10034640.0
1348646400000,24.1025,24.1025,23.8982,23.9432,842996.0
1349164800000,23.625,23.7318,23.6246,23.7121,792960.0
1349179200000,23.7007,23.7982,23.4786,23.4964,246362396.0
1349193600000,23.4957,23.6571,23.2375,23.6168,371884212.0
1349208000000,23.6175,23.6929,23.5496,23.6821,5919844.0
1349251200000,23.6425,23.7661,23.6425,23.7357,360640.0
1349265600000,23.7325,23.9082,23.5793,23.8791,201060804.0
1349280000000,23.8821,23.995,23.7411,23.9929,194311768.0
1349294400000,23.9832,24.0071,23.9714,24.0,5117728.0
1349337600000,24.075,24.0857,23.9329,23.9893,1064896.0
1349352000000,23.9821,24.0804,23.8671,23.9586,160950300.0
1349366400000,23.9584,24.0,23.7696,23.8175,182255780.0
1349380800000,23.8164,23.9316,23.7543,23.7607,3485552.0
1349424000000,23.7857,23.8132,23.7679,23.8032,405552.0
1349438400000,23.8018,23.8571,23.4414,23.4589,234835188.0
1349452800000,23.4593,23.5857,23.26,23.3064,338039940.0
1349467200000,23.3096,23.494,23.25,23.2893,5507656.0
1349683200000,23.2168,23.2168,23.075,23.125,966392.0
1349697600000,23.1364,23.2114,22.7379,22.8911,330992452.0
1349712000000,22.8911,23.0957,22.7182,22.7918,298273388.0
1349726400000,22.7918,22.8032,22.6875,22.7393,3755024.0
1349769600000,22.5711,22.7764,22.5089,22.7429,2197272.0
1349784000000,22.7357,22.8479,22.2696,22.5246,418327308.0
1349798400000,22.5239,22.8746,22.4904,22.7204,396947544.0
1349812800000,22.7189,22.7679,22.6786,22.6911,5209484.0
1349856000000,22.8171,22.8321,22.6911,22.8214,1576708.0
1349870400000,22.8311,23.035,22.75,22.9196,276718036.0
1349884800000,22.92,22.9814,22.7857,22.8886,213375624.0
1349899200000,22.8843,22.9107,22.8271,22.8393,8150968.0
1349942400000,22.9339,23.0571,22.9286,23.0257,918400.0
1349956800000,23.0161,23.1143,22.5586,22.6813,261799244.0
1350460800000,23.2143,23.2857,23.1571,23.1571,1295448.0
1350475200000,23.1607,23.3139,23.075,23.182,196138432.0
1350489600000,23.1784,23.2104,23.0,23.0189,174142192.0
1350504000000,23.0246,23.1366,23.0186,23.0621,6496532.0
1350547200000,23.0,23.0518,22.9321,22.9357,370580.0
1350561600000,22.9514,22.9929,22.7111,22.8418,173238996.0
1350576000000,22.8446,22.8668,22.5,22.5929,283184104.0
1350590400000,22.5896,22.5957,22.5446,22.5607,4211984.0
1350633600000,22.575,22.5804,22.4875,22.5429,616728.0
1350648000000,22.5179,22.5757,21.9871,22.0907,342991432.0
1350662400000,22.0881,22.1786,21.7721,21.778,362180084.0
1350676800000,21.7789,22.1786,21.7536,21.7611,14762916.0
1350892800000,21.8571,21.9325,21.8129,21.8857,1821232.0
1350907200000,21.8896,22.3107,21.7571,22.2679,275011324.0
1350921600000,22.2679,22.6921,22.1607,22.6486,246796452.0
1350936000000,22.6496,22.7411,22.05,22.7411,6876268.0
1350979200000,22.5714,22.6071,22.5,22.5296,1105552.0
1350993600000,22.5179,22.5714,22.2014,22.3486,201486348.0
1351008000000,22.35,22.6393,21.8464,21.9079,488574604.0
1351022400000,21.9082,22.5081,21.8929,21.9929,4567836.0
1351065600000,21.9732,22.0857,21.9464,22.0189,816508.0
1351080000000,22.0189,22.3768,21.8518,21.8796,282776452.0
1351094400000,21.8797,22.2054,21.8086,22.0175,259917644.0
1351108800000,22.0189,22.0784,21.9471,21.965,4983720.0
1351152000000,22.0271,22.175,22.0271,22.1546,1004080.0
1351166400000,22.1429,22.2143,21.8054,21.8643,194891704.0
1351180800000,21.87,21.91,21.6268,21.7732,349973624.0
1351195200000,21.7707,21.9749,20.8964,21.7743,103267948.0
1351238400000,21.7143,21.8746,21.6429,21.8571,4670624.0
1351756800000,21.25,21.3304,21.2404,21.3207,87696.0
1351771200000,21.3161,21.5357,21.2204,21.4268,179599056.0
1351785600000,21.4268,21.4286,21.25,21.3043,162579368.0
1351800000000,21.3143,21.3932,21.2964,21.3304,2307928.0
1351843200000,21.3214,21.3468,21.2525,21.2732,309260.0
1351857600000,21.2821,21.3457,21.0464,21.0961,168968016.0
1351872000000,21.0896,21.1093,20.5268,20.605,414417416.0
1351886400000,20.5971,20.6439,20.5696,20.6071,8496684.0
1352102400000,20.6,20.6,20.4679,20.5304,134400.0
1352116800000,20.5179,20.9918,20.3818,20.9554,189812336.0
1352131200000,20.9511,20.9786,20.6286,20.8359,231746844.0
1352145600000,20.8375,20.9532,20.7739,20.8754,85814624.0
1352160000000,20.8764,20.8782,20.8554,20.8571,87920.0
1352188800000,20.9786,21.0261,20.9782,21.0261,153384.0
1352203200000,21.0179,21.0979,20.8714,20.9207,107827272.0
1352217600000,20.9207,20.9936,20.7371,20.7907,160599376.0
1352232000000,20.7857,20.9971,20.7175,20.8393,83241200.0
1352246400000,20.8339,20.8339,20.7904,20.7904,216132.0
1352275200000,20.8214,20.8214,20.7179,20.75,148260.0
1352289600000,20.7479,20.7479,20.0361,20.0393,269465504.0
1352304000000,20.038,20.205,19.8482,20.0361,397061588.0
1352318400000,20.0436,20.1036,19.9214,19.9821,120537704.0
1352332800000,19.9761,20.0,19.9554,20.0,307496.0
1352361600000,20.0011,20.1082,19.9643,20.0214,455560.0
1352376000000,20.0357,20.1454,19.3279,19.5796,414506736.0
1352390400000,19.5832,19.7171,19.2625,19.4168,437591280.0
1352404800000,19.4175,19.9282,19.1175,19.2143,176638728.0
1352419200000,19.2068,19.2339,19.1946,19.2036,1029560.0
1352448000000,19.2054,19.25,19.1432,19.1786,635404.0
1352462400000,19.1571,19.6221,19.0489,19.6211,408232832.0
1352476800000,19.6214,19.8171,19.4589,19.5514,391144544.0
1352491200000,19.5464,19.6429,19.4364,19.5261,107562896.0
1352505600000,19.5214,19.5389,19.5214,19.5357,135156.0
1352707200000,19.8214,19.8214,19.6429,19.7107,165564.0
1352721600000,19.7054,19.8036,19.3993,19.4086,154412776.0
1353056400000,18.7179,18.8393,18.6243,18.8214,1130724.0
1353070800000,18.8079,18.9679,18.0625,18.5469,625188032.0
1353085200000,18.5486,18.9286,18.2224,18.8454,616877156.0
1353099600000,18.8514,18.9439,18.3571,18.9139,11973948.0
1353315600000,18.9375,19.1314,18.9375,19.0818,2701832.0
1353330000000,19.0736,19.8214,19.0629,19.7961,427425460.0
1353344400000,19.8,20.2679,19.7889,20.2118,367878140.0
1353358800000,20.2204,20.23,19.5357,20.1889,8670564.0
1353402000000,20.2764,20.3,20.1814,20.1839,1686076.0
1353416400000,20.1857,20.4411,19.8739,20.1271,358065792.0
1353430800000,20.13,20.1375,19.8064,20.0407,264597424.0
1353445200000,20.0421,20.1032,20.0325,20.0982,2791656.0
1353488400000,20.125,20.1607,20.0718,20.0718,635320.0
1353502800000,20.0714,20.2632,19.8786,19.9354,223680744.0
1353517200000,19.9389,20.1357,19.9357,20.0611,139217876.0
1353531600000,20.0654,20.0961,20.0543,20.0821,3131380.0
1353661200000,20.125,20.2479,20.1239,20.1489,413476.0
1353675600000,20.16,20.3125,20.0929,20.2879,170387392.0
1353690000000,20.2879,20.4286,20.1938,20.4107,93792972.0
1353704400000,20.4218,20.4286,20.4214,20.4279,188496.0
1353920400000,20.4643,20.535,20.3779,20.4286,1832824.0
1353934800000,20.4521,20.8064,20.4196,20.7679,264499564.0
1353949200000,20.7671,21.0714,20.7607,21.0454,315583100.0
1353963600000,21.0532,21.0786,21.0016,21.0779,5435220.0
1354006800000,21.1425,21.2143,21.1179,21.1561,2199400.0
1354021200000,21.1536,21.1775,20.7179,20.945,256750984.0
1354035600000,20.9496,21.0864,20.8268,20.8825,248343816.0
1354050000000,20.8825,20.9002,20.798,20.8446,4210080.0
1354093200000,20.8218,20.8218,20.7396,20.7464,460880.0
1354107600000,20.7425,20.8036,20.4379,20.635,256412464.0
1354525200000,21.0536,21.1339,21.0357,21.1036,768292.0
1354539600000,21.1036,21.2354,20.9029,21.0889,199641428.0
1354554000000,21.0889,21.1029,20.9107,20.9318,152678764.0
1354568400000,20.9296,20.9336,20.8539,20.8571,2867928.0
1354611600000,20.8975,20.9336,20.8857,20.9,377440.0
1354626000000,20.9079,20.9314,20.4564,20.6354,264919984.0
1354640400000,20.6371,20.6554,20.4332,20.5636,258312264.0
1354654800000,20.5625,20.5893,20.3571,20.3929,9522604.0
1354669200000,20.3889,20.3889,20.3889,20.3889,2800.0
1354698000000,20.5,20.5,20.2968,20.375,1205204.0
1354712400000,20.3807,20.4371,19.4843,19.7304,576126432.0
1354726800000,19.7307,19.8411,19.2418,19.2429,424543784.0
1354741200000,19.2432,19.3475,19.1393,19.1429,16229612.0
1354784400000,19.1786,19.2143,19.1429,19.1875,1177792.0
1354798800000,19.1786,19.7611,18.5225,19.7009,705363708.0
1354813200000,19.7039,19.7589,19.3107,19.5443,422181844.0
1354827600000,19.5407,19.5893,19.3826,19.5854,6217456.0
1354870800000,19.5736,19.6871,19.5357,19.5943,966616.0
1354885200000,19.6068,19.8286,19.0436,19.0593,392134708.0
1354899600000,19.0593,19.2229,18.9286,19.0364,380726752.0
1354914000000,19.0357,19.0446,18.9668,19.0089,6533016.0
1355130000000,19.1071,19.1071,18.875,18.9554,1010240.0
1355144400000,18.9643,19.2325,18.6279,19.0107,345761332.0
1355158800000,19.0095,19.0954,18.8071,18.9196,248295656.0
1355173200000,18.9196,19.0894,18.8986,18.9632,5964308.0
1355216400000,19.0179,19.1,19.0071,19.0854,661752.0
1355230800000,19.0954,19.6271,19.0357,19.47,297170860.0
1355245200000,19.4736,19.5761,19.2143,19.3218,278659640.0
1355259600000,19.3221,19.4054,19.3196,19.3936,4832856.0
1355302800000,19.4436,19.5529,19.4436,19.5,1257844.0
1355734800000,18.3929,18.3929,17.7389,18.0075,3993808.0
1355749200000,18.0214,18.3696,17.7461,18.3507,426669712.0
1355763600000,18.3429,18.5714,18.22,18.5414,308705236.0
1355778000000,18.5411,18.6339,18.0942,18.5893,8849400.0
1355821200000,18.7429,18.8214,18.5911,18.8125,4646600.0
1355835600000,18.8096,18.855,18.5804,18.8204,276847648.0
1355850000000,18.8243,19.1036,18.7779,19.0661,325940720.0
1355864400000,19.0714,19.0857,19.0004,19.0571,10241616.0
1355907600000,19.1196,19.1429,19.0021,19.0161,1046584.0
1355922000000,19.0161,19.1036,18.7679,18.9365,241047492.0
1355936400000,18.9407,18.9946,18.7893,18.7896,192994312.0
1355950800000,18.7882,18.8393,18.7589,18.775,8229508.0
1355994000000,18.8393,18.9261,18.7932,18.8214,620592.0
1356008400000,18.9107,18.9568,18.6004,18.6429,226960860.0
1356022800000,18.6471,18.7654,18.5314,18.6395,239668184.0
1356037200000,18.6404,18.6461,18.5775,18.5775,7124880.0
1356080400000,18.5071,18.5071,18.2321,18.3214,2552116.0
1356094800000,18.3214,18.5,18.2229,18.3879,330007636.0
1356109200000,18.3821,18.5596,18.3218,18.5475,196568876.0
1356123600000,18.5482,18.5946,18.3307,18.5893,29079232.0
1356339600000,18.5393,18.6554,18.5393,18.6071,489104.0
1356354000000,18.6225,18.7714,18.5254,18.5815,130090212.0
1356368400000,18.5855,18.6261,18.5425,18.5774,42545692.0
1356382800000,18.5732,18.5732,18.55,18.55,47348.0
1356512400000,18.6468,18.6468,18.6071,18.6136,158340.0
1356526800000,18.6111,18.6429,18.2543,18.35,149299696.0
1356541200000,18.3496,18.4239,18.2836,18.3179,143555244.0
1356555600000,18.3246,18.3839,18.2679,18.2707,3034304.0
1356598800000,18.2504,18.3568,18.1968,18.3393,360584.0
1356613200000,18.3393,18.4225,18.1429,18.1843,159731236.0
1356944400000,18.15,18.175,18.0893,18.115,290976.0
1356958800000,18.1268,18.8293,18.0075,18.755,275155188.0
1356973200000,18.7589,19.1214,18.6386,19.035,357424564.0
1356987600000,19.0414,19.0578,18.8709,19.0143,12629708.0
1357117200000,19.2854,19.5939,19.2504,19.5439,4241328.0
1357131600000,19.5439,19.8214,19.3757,19.395,328884444.0
1357146000000,19.3939,19.7143,19.3439,19.5968,210197008.0
1357160400000,19.5989,19.6179,19.563,19.5836,4107880.0
1357203600000,19.6086,19.6086,19.4954,19.5,508144.0
1357218000000,19.5,19.6311,19.4143,19.5479,158285904.0
1357232400000,19.5446,19.6021,19.3214,19.3707,180738012.0
1357246800000,19.37,19.375,19.3246,19.3571,2726024.0
1357290000000,19.3361,19.4371,19.3361,19.4071,280140.0
1357304400000,19.4071,19.4521,18.7796,18.9029,319377772.0
1357318800000,18.9029,19.0168,18.8021,18.8218,262376492.0
1357333200000,18.8186,19.1786,18.7518,18.7571,5570432.0
1357549200000,18.8214,18.8214,18.6079,18.6407,927360.0
1357563600000,18.6429,18.9036,18.4,18.6989,278882968.0
1357578000000,18.6964,18.8104,18.5814,18.7132,186512144.0
1357592400000,18.7132,18.72,18.6518,18.6636,3453884.0
1357635600000,18.6743,18.8214,18.6743,18.7543,787332.0
1357650000000,18.7539,18.9961,18.6161,18.6849,240057328.0
1357664400000,18.685,18.9286,18.625,18.7568,201611788.0
1357678800000,18.7618,18.7993,18.7318,18.7925,7580608.0
1357722000000,18.8571,18.8571,18.7321,18.7921,468356.0
1357736400000,18.7968,18.8107,18.5393,18.62,202453972.0
1357750800000,18.6196,18.7007,18.4282,18.4679,184633568.0
1357765200000,18.4721,18.5357,18.4136,18.4204,3829308.0
1357808400000,18.4854,18.7429,18.4854,18.7357,3861480.0
1357822800000,18.7346,18.9929,18.4414,18.5035,298650520.0
1358240400000,17.8575,17.9707,17.8554,17.9707,1047312.0
1358254800000,17.9493,18.015,17.2821,17.2871,479426920.0
1358269200000,17.2857,17.5321,17.2636,17.3504,370933080.0
1358283600000,17.35,17.5643,17.3164,17.4954,10990336.0
1358326800000,17.4989,17.6375,17.3932,17.6,3667580.0
1358341200000,17.6043,18.0179,17.5,17.9671,388615220.0
1358355600000,17.9696,18.1943,17.9321,18.0743,274249108.0
1358370000000,18.0696,18.1054,17.9393,18.1054,8499820.0
1358413200000,18.0643,18.2464,18.0643,18.2107,1402016.0
1358427600000,18.2036,18.2496,17.9414,17.9414,233023168.0
1358442000000,17.9414,18.125,17.9296,17.9536,202267884.0
1358456400000,17.9529,17.9714,17.8532,17.9286,6811700.0
1358499600000,17.8625,18.0246,17.7589,17.9446,1376620.0
1358514000000,17.9464,18.0268,17.7286,17.7605,246148140.0
1358528400000,17.7597,17.8607,17.7536,17.8557,201956636.0
1358542800000,17.8571,17.8732,17.7964,17.8682,5975592.0
1358845200000,17.8714,17.9875,17.8,17.9214,1736504.0
1358859600000,17.9268,18.1386,17.7368,17.7714,226733920.0
1358874000000,17.7739,18.07,17.7464,18.0254,204454488.0
1358888400000,18.0279,18.1668,17.9643,18.1179,10857700.0
1358931600000,18.1143,18.1775,18.0918,18.0918,801416.0
1358946000000,18.0993,18.3371,18.0275,18.1782,272058500.0
1358960400000,18.1732,18.3925,18.1489,18.3571,339897348.0
1358974800000,18.3639,18.8561,16.3321,16.5532,242435060.0
1359018000000,16.5714,16.9286,16.5714,16.7296,16024092.0
1359032400000,16.7321,16.7596,16.095,16.465,902748980.0
1359536400000,16.4332,16.4539,16.2875,16.3036,761740.0
1359550800000,16.3025,16.5214,16.1807,16.45,216842108.0
1359565200000,16.4496,16.4593,16.2321,16.3182,187569340.0
1359579600000,16.3154,16.3668,16.2786,16.3071,7488740.0
1359622800000,16.2571,16.2857,16.2343,16.2857,237160.0
1359637200000,16.2857,16.4029,16.2343,16.2598,132879684.0
1359651600000,16.2607,16.3679,16.2507,16.2636,137603060.0
1359666000000,16.2639,16.3048,16.2589,16.3,8729084.0
1359709200000,16.3886,16.4018,16.3214,16.3679,412972.0
1359723600000,16.3661,16.4107,16.0125,16.1496,273791448.0
1359738000000,16.1493,16.3118,16.1121,16.2057,237371568.0
1359752400000,16.2089,16.2143,16.1811,16.2075,2887668.0
1359968400000,16.2218,16.2264,16.1407,16.1679,618968.0
1359982800000,16.1879,16.2836,15.9232,15.9329,232056580.0
1359997200000,15.9371,15.9707,15.7857,15.7936,229380508.0
1360011600000,15.7954,16.2007,15.7643,15.7946,7048468.0
1360054800000,15.8357,15.9464,15.8236,15.9025,1131060.0
1360069200000,15.8939,16.1321,15.7936,16.11,232761592.0
1360083600000,16.1068,16.4193,16.0893,16.3507,320161212.0
1360098000000,16.3507,16.3893,16.0269,16.3893,6943860.0
1360141200000,16.3754,16.3754,16.2643,16.3021,677908.0
1360155600000,16.2871,16.6607,16.1636,16.5525,362076652.0
1360170000000,16.5571,16.5614,16.3039,16.3316,213448340.0
1360184400000,16.3304,16.4513,16.275,16.3036,6195980.0
1360227600000,16.2964,16.33,16.2411,16.2411,246988.0
1360242000000,16.2493,16.645,16.1964,16.3144,268066764.0
1360256400000,16.3146,16.7857,16.275,16.7232,410625628.0
1360270800000,16.7193,16.7464,16.4593,16.7411,12254088.0
1360314000000,16.7221,16.8732,16.6607,16.8729,4155592.0
1360328400000,16.8664,17.0554,16.7857,17.0204,343452732.0
1360832400000,16.6518,16.6607,16.5946,16.635,390852.0
1360846800000,16.6293,16.7686,16.5721,16.7082,165341344.0
1360861200000,16.7079,16.8443,16.635,16.6643,172377212.0
1360875600000,16.6646,16.6946,16.6575,16.6893,2723532.0
1360918800000,16.7268,16.7268,16.6786,16.6875,75460.0
1360933200000,16.7104,16.7914,16.6336,16.6521,153940836.0
1360947600000,16.6554,16.6554,16.4257,16.4375,219801428.0
1360962000000,16.4404,16.5871,16.4036,16.4232,6050240.0
1361264400000,16.4589,16.5625,16.4589,16.5532,696108.0
1361278800000,16.5493,16.5625,16.2089,16.3366,216507872.0
1361293200000,16.3413,16.4764,16.2149,16.4271,192414908.0
1361307600000,16.4279,16.4536,16.2373,16.4411,7403620.0
1361350800000,16.4286,16.4464,16.1161,16.2793,6930028.0
1361365200000,16.2682,16.4214,16.0618,16.1239,265462932.0
1361379600000,16.1246,16.2029,16.0286,16.0329,191181480.0
1361394000000,16.0361,16.0411,16.0,16.0004,5130692.0
1361437200000,15.9339,15.9464,15.8857,15.9079,567308.0
1361451600000,15.9157,16.0714,15.8454,15.9289,217850304.0
1361466000000,15.9289,16.0418,15.815,15.9271,205496144.0
1361480400000,15.9307,15.9643,15.8873,15.9621,14785456.0
1361523600000,15.9946,16.0889,15.9732,16.0675,1140664.0
1361538000000,16.0582,16.1286,15.9286,16.0061,173613300.0
1361552400000,16.0079,16.1071,15.99,16.0939,141962912.0
1361566800000,16.0989,16.1025,16.0754,16.1018,6220760.0
1361782800000,16.1679,16.2536,16.1679,16.2429,676648.0
1361797200000,16.2429,16.2543,15.9893,16.0154,185300052.0
1361811600000,16.0132,16.0857,15.8061,15.8189,167184416.0
1361826000000,15.8143,15.8621,15.7682,15.8618,6802348.0
1361869200000,15.8571,15.8932,15.8304,15.8661,370216.0
1361883600000,15.8679,15.8907,15.6307,15.6913,200725252.0
1361898000000,15.6929,16.1264,15.6571,16.0336,283970232.0
1362128400000,15.8371,15.8371,15.6554,15.6554,244048.0
1362142800000,15.6675,15.7679,15.4243,15.5069,292114368.0
1362157200000,15.5071,15.5707,15.3564,15.3724,242653404.0
1362171600000,15.3732,15.3854,15.3546,15.3646,8669304.0
1362387600000,15.3929,15.3929,15.2857,15.3286,949228.0
1362402000000,15.3393,15.3811,15.0754,15.0996,273334348.0
1362416400000,15.1014,15.1746,14.9643,15.0004,291841676.0
1362430800000,14.9993,15.0018,14.94,14.9518,6327804.0
1362474000000,14.9893,15.1657,14.9496,15.0982,995036.0
1362488400000,15.0961,15.5121,14.9821,15.4961,335207432.0
1362502800000,15.4946,15.5425,15.2579,15.4021,271025524.0
1362517200000,15.395,15.4643,15.395,15.4336,8921696.0
1362560400000,15.3979,15.4554,15.32,15.3746,1102528.0
1362574800000,15.3754,15.5446,15.2039,15.2879,246318940.0
1362589200000,15.2835,15.3136,15.1582,15.2018,183849820.0
1362603600000,15.2021,15.2043,15.1746,15.1829,6067488.0
1362646800000,15.165,15.1893,15.1325,15.1429,294756.0
1362661200000,15.1607,15.3789,15.0379,15.3303,243280100.0
1362675600000,15.3288,15.4289,15.1907,15.3714,211722168.0
1362690000000,15.3771,15.3971,15.3714,15.3789,4036676.0
1362733200000,15.3964,15.4593,15.3393,15.35,1017380.0
1362747600000,15.3621,15.5511,15.2904,15.4412,219847852.0
1362762000000,15.4414,15.4518,15.3446,15.4125,142228184.0
1362776400000,15.4157,15.4357,15.4068,15.4232,7803152.0
1362992400000,15.3589,15.3839,15.25,15.3361,1738268.0
1363006800000,15.3361,15.3482,15.1836,15.275,166869528.0
1363021200000,15.275,15.6789,15.2375,15.6075,281159816.0
1363035600000,15.6171,15.6211,15.5982,15.6175,1883252.0
1363064400000,15.5382,15.5382,15.5382,15.5382,2800.0
1363078800000,15.5625,15.5893,15.4679,15.5057,3620932.0
1363093200000,15.5104,15.6743,15.3314,15.4207,277582816.0
1363593600000,15.8929,15.8929,15.6593,15.7439,1092924.0
1363608000000,15.7439,16.0854,15.6696,16.0843,241823904.0
1363622400000,16.0846,16.3379,16.0775,16.2757,338367372.0
1363636800000,16.2836,16.3036,16.0396,16.2893,11509624.0
1363680000000,16.325,16.3375,16.2507,16.3204,612584.0
1363694400000,16.3,16.4632,16.0861,16.1032,281843044.0
1363708800000,16.1029,16.2429,16.0179,16.2318,228169592.0
1363723200000,16.2339,16.2386,16.1986,16.2125,3613820.0
1363766400000,16.3036,16.3286,16.2721,16.2839,492464.0
1363780800000,16.3118,16.3514,16.0568,16.0675,164109064.0
1363795200000,16.0686,16.1714,16.0657,16.1439,128351496.0
1363809600000,16.1432,16.15,16.0893,16.0946,4232648.0
1363852800000,16.0707,16.1607,16.0593,16.15,365568.0
1363867200000,16.1429,16.23,16.0714,16.1736,137337396.0
1363881600000,16.1739,16.3564,16.1361,16.1707,233559592.0
1363896000000,16.1754,16.2092,16.1661,16.1896,6060712.0
1363939200000,16.1804,16.2679,16.1804,16.2304,221984.0
1363953600000,16.2296,16.3268,16.1825,16.3236,131369504.0
1363968000000,16.325,16.5036,16.2961,16.4982,245389592.0
1363982400000,16.4943,16.5696,16.3851,16.5325,7553924.0
1364198400000,16.6071,16.6786,16.5468,16.6389,1903832.0
1364212800000,16.6386,16.7839,16.4286,16.6036,276043012.0
1364227200000,16.5987,16.6814,16.4921,16.5546,211197112.0
1364241600000,16.5586,16.5714,16.5207,16.5232,2899876.0
1364284800000,16.5704,16.6568,16.5704,16.5821,683088.0
1364299200000,16.585,16.6464,16.45,16.51,158626524.0
1364313600000,16.5139,16.5721,16.4475,16.4689,123295620.0
1364328000000,16.4686,16.5564,16.4571,16.4618,7423556.0
1364371200000,16.4821,16.4821,16.3075,16.375,731808.0
1364385600000,16.3696,16.3932,16.1339,16.1521,165982600.0
1364400000000,16.1525,16.2079,16.0975,16.1454,151689720.0
1364414400000,16.1457,16.1679,16.1254,16.1289,6933108.0
1364457600000,16.0936,16.1786,16.0936,16.1682,58436.0
1364803200000,15.7657,15.7857,15.7657,15.7857,64456.0
1364817600000,15.7682,15.8489,15.4705,15.5389,196540204.0
1364832000000,15.5364,15.5443,15.2764,15.3182,178486700.0
1364846400000,15.3168,15.3407,15.2946,15.3407,6240556.0
1364889600000,15.295,15.4196,15.2107,15.3554,1346884.0
1364904000000,15.3454,15.6304,15.2232,15.5493,244786164.0
1364918400000,15.5493,15.6479,15.2396,15.3532,266928704.0
1364932800000,15.3536,15.3836,15.3254,15.3764,10739092.0
1364976000000,15.4,15.4425,15.3929,15.4389,285068.0
1364990400000,15.4321,15.6171,15.25,15.5257,185664108.0
1365004800000,15.5243,15.5282,15.3682,15.4232,169606220.0
1365019200000,15.4286,15.5357,15.4232,15.4504,3513272.0
1365062400000,15.4893,15.5625,15.4893,15.5182,301532.0
1365076800000,15.5343,15.5607,15.2556,15.2666,182757344.0
1365091200000,15.2663,15.3696,15.1875,15.2721,166568668.0
1365105600000,15.2736,15.3368,15.2504,15.2571,1616216.0
1365148800000,15.2643,15.2857,15.1786,15.2189,528164.0
1365163200000,15.2261,15.2457,15.0482,15.1154,182311192.0
1365177600000,15.1154,15.1304,14.9886,15.1143,184290204.0
1365192000000,15.1154,15.1857,15.1029,15.1782,3849608.0
1365408000000,15.1779,15.33,15.1779,15.2611,732228.0
1365422400000,15.2525,15.3214,15.09,15.1221,141901816.0
1365436800000,15.1222,15.2521,15.0889,15.2218,129415552.0
1365451200000,15.2218,15.2325,15.2075,15.2204,14178500.0
1365494400000,15.2668,15.28,15.2464,15.2521,205856.0
1365508800000,15.2486,15.28,15.0982,15.1143,114788996.0
1365523200000,15.1161,15.3036,15.1032,15.2493,156418696.0
1365537600000,15.2496,15.2729,15.114,15.2632,7516908.0
1365580800000,15.2893,15.3304,15.27,15.2832,165004.0
1365595200000,15.2857,15.5511,15.2146,15.5268,207796120.0
1365609600000,15.5257,15.6093,15.4879,15.5632,158513040.0
1365624000000,15.5604,15.5607,15.2459,15.5357,2599408.0
1365667200000,15.5421,15.5811,15.4179,15.4564,1006516.0
1366012800000,15.2889,15.2889,15.2321,15.25,277256.0
1366027200000,15.2629,15.2821,15.1321,15.1389,126091924.0
1366041600000,15.1425,15.2,14.9839,14.995,155864212.0
1366056000000,14.9889,15.103,14.9504,15.0179,6387080.0
1366099200000,15.0357,15.1589,15.0357,15.1218,806820.0
1366113600000,15.1146,15.1893,15.0,15.1664,160286812.0
1366128000000,15.1661,15.2361,15.1168,15.2175,117739944.0
1366142400000,15.2221,15.2282,15.1571,15.1786,2460640.0
1366185600000,15.0893,15.1175,15.0071,15.0604,1130724.0
1366200000000,15.055,15.0982,14.4168,14.4197,472294424.0
1366214400000,14.4196,14.4918,14.2182,14.3857,448501536.0
1366228800000,14.3882,14.4857,14.3436,14.3929,12322520.0
1366272000000,14.37,14.5629,14.37,14.5318,1578052.0
1366286400000,14.5379,14.5511,14.0488,14.1193,363463128.0
1366300800000,14.1196,14.155,13.9194,13.9964,277075484.0
1366315200000,14.0143,14.0143,13.9125,13.9707,6298264.0
1366358400000,14.0264,14.0796,14.0264,14.0361,568764.0
1366372800000,14.0507,14.2714,13.7536,14.17,362049772.0
1366387200000,14.17,14.1986,13.9446,13.9525,227748164.0
1366401600000,13.9493,14.1089,13.9214,13.9321,4188548.0
1366617600000,13.9639,14.0186,13.8425,13.8932,725648.0
1366632000000,13.8932,14.2243,13.8571,14.1693,219468200.0
1366646400000,14.1714,14.3643,14.1,14.2386,194245772.0
1366660800000,14.2436,14.3047,14.1232,14.2393,7609784.0
1366704000000,14.2643,14.4446,14.2143,14.405,1738380.0
1366718400000,14.3943,14.5093,14.2432,14.4954,221509960.0
1366732800000,14.4954,14.585,14.3571,14.5002,261098964.0
1366747200000,14.5043,15.3536,14.3339,14.4268,174280400.0
1366790400000,14.4829,14.6075,14.0893,14.1661,10671276.0
1366804800000,14.1696,14.8304,13.9668,14.2861,619284064.0
1367308800000,15.3571,15.4521,15.3571,15.405,404852.0
1367323200000,15.3986,15.7371,15.3536,15.6975,342765612.0
1367337600000,15.6979,15.9018,15.6539,15.8143,327013988.0
1367352000000,15.8125,15.8211,15.7056,15.8211,9557184.0
1367395200000,15.8332,15.9421,15.8332,15.9086,1146320.0
1367409600000,15.9107,15.9286,15.5139,15.6582,287874860.0
1367424000000,15.6564,15.7857,15.5682,15.6939,202356868.0
1367438400000,15.6889,15.6946,15.6671,15.6943,2775808.0
1367481600000,15.7171,15.84,15.7171,15.825,959756.0
1367496000000,15.825,16.01,15.7368,15.9832,229464564.0
1367510400000,15.9832,16.0211,15.9111,15.913,183381100.0
1367524800000,15.9146,16.0079,15.9011,15.9254,3158792.0
1367568000000,15.9643,15.985,15.9407,15.9464,213164.0
1367582400000,15.9364,16.1868,15.92,16.1025,206994088.0
1367596800000,16.1036,16.1321,16.0411,16.0689,134933036.0
1367611200000,16.0707,16.075,16.0589,16.0714,10408412.0
1367827200000,16.1071,16.21,16.105,16.1964,674380.0
1367841600000,16.1914,16.4714,16.1246,16.4387,290057404.0
1367856000000,16.4382,16.5071,16.4261,16.4559,171597188.0
1367870400000,16.4614,16.4836,16.4507,16.475,3598532.0
1367913600000,16.5239,16.6071,16.4957,16.5689,1171940.0
1367928000000,16.5671,16.6339,16.2036,16.3061,309621284.0
1367942400000,16.3036,16.4389,16.2921,16.3818,161333508.0
1367956800000,16.3793,16.4196,16.3571,16.3711,2211944.0
1368000000000,16.4286,16.5132,16.4161,16.4629,799512.0
1368014400000,16.4607,16.5996,16.2789,16.5877,271794096.0
1368028800000,16.5871,16.6204,16.4606,16.5611,187246724.0
1368043200000,16.5654,16.5893,16.5279,16.5825,5558084.0
1368086400000,16.5275,16.5275,16.4107,16.4446,1023960.0
1368100800000,16.445,16.5357,16.3429,16.4521,202203372.0
1368115200000,16.454,16.4914,16.2707,16.3125,180354748.0
1368604800000,15.7857,15.8225,15.75,15.8071,324184.0
1368619200000,15.8036,15.8379,15.4111,15.4257,280726152.0
1368633600000,15.425,15.4255,15.0843,15.3204,410451104.0
1368648000000,15.3207,15.3393,15.2679,15.275,25541824.0
1368691200000,15.2464,15.2807,15.1832,15.2321,417368.0
1368705600000,15.2329,15.625,14.9607,15.6014,356060236.0
1368720000000,15.6014,15.6375,15.4529,15.5221,225352232.0
1368734400000,15.5171,15.6117,15.5002,15.5318,2346288.0
1368777600000,15.5357,15.7679,15.5343,15.725,1965544.0
1368792000000,15.7161,15.75,15.3932,15.4382,245728868.0
1368806400000,15.4379,15.5211,15.395,15.4732,157837344.0
1368820800000,15.4732,15.5086,15.4686,15.5,2654008.0
1369036800000,15.4696,15.5175,15.4639,15.4639,85176.0
1369051200000,15.4643,15.8921,15.3607,15.8468,232113700.0
1369065600000,15.8471,15.9214,15.7321,15.8143,180952212.0
1369080000000,15.8157,15.8157,15.6607,15.7007,26732216.0
1369123200000,15.7157,15.7157,15.6604,15.6793,227220.0
1369137600000,15.6857,15.8121,15.5071,15.7243,229500404.0
1369152000000,15.7246,15.91,15.6607,15.7021,209774012.0
1369166400000,15.7032,15.8121,15.6078,15.7214,6844908.0
1369209600000,15.7246,15.7946,15.7246,15.7946,320320.0
1369224000000,15.785,16.0125,15.6536,15.9136,243928804.0
1369238400000,15.9132,15.9425,15.6507,15.7636,185509156.0
1369252800000,15.7636,15.7946,15.7021,15.7857,6578432.0
1369296000000,15.7857,15.7857,15.5,15.5943,1009400.0
1369310400000,15.6029,15.9343,15.5607,15.8379,212866332.0
1369324800000,15.8318,15.8793,15.7371,15.7925,129117688.0
1369339200000,15.7921,15.8482,15.7843,15.8429,4002068.0
1369382400000,15.8246,15.8929,15.75,15.8929,272300.0
1369396800000,15.8593,15.9164,15.7271,15.8801,158985260.0
1369411200000,15.8814,15.8996,15.8179,15.8982,98489300.0
1369425600000,15.8982,15.8982,15.8904,15.8979,5404336.0
1369728000000,16.0036,16.0836,15.9329,16.0643,1551732.0
1369900800000,15.875,16.0354,15.875,15.9304,492828.0
1369915200000,15.9379,16.0621,15.8754,16.054,150031112.0
1369929600000,16.0571,16.2321,16.0157,16.1282,185871532.0
1369944000000,16.1279,16.1357,16.1,16.125,7337568.0
1369987200000,16.0893,16.1064,16.0268,16.0668,333172.0
1370001600000,16.0789,16.325,16.0289,16.3129,172224024.0
1370016000000,16.3132,16.3221,16.0536,16.0536,172746028.0
1370030400000,16.0614,16.0857,16.0268,16.0414,18936708.0
1370246400000,16.0357,16.1679,16.0136,16.1525,1139852.0
1370260800000,16.1443,16.1643,15.8029,15.8843,207919656.0
1370275200000,15.8843,16.0989,15.8157,16.0979,152299784.0
1370289600000,16.0979,16.1339,16.0886,16.1168,4291560.0
1370332800000,16.1229,16.1918,16.0982,16.1786,744408.0
1370347200000,16.175,16.2296,16.0714,16.1875,129867164.0
1370361600000,16.1871,16.1964,15.9782,16.0468,146430788.0
1370376000000,16.0518,16.065,15.7857,15.9379,6095068.0
1370419200000,15.9471,15.9686,15.8768,15.9196,578312.0
1370433600000,15.9143,16.0971,15.8468,15.898,161160468.0
1370448000000,15.9011,15.9682,15.8596,15.8982,122519516.0
1370462400000,15.8964,16.0257,15.8875,15.9143,2496788.0
1370505600000,15.9418,15.9911,15.9393,15.9739,351176.0
1370520000000,15.9696,15.9696,15.6122,15.6154,190976716.0
1370534400000,15.6182,15.6975,15.5018,15.6593,194746552.0
1370548800000,15.6521,15.7182,15.6464,15.6661,4639964.0
1370592000000,15.675,15.6786,15.5914,15.6071,321412.0
1370606400000,15.6239,15.6857,15.4561,15.6157,198796864.0
1370620800000,15.6143,15.83,15.5939,15.7839,171912216.0
1370635200000,15.7861,15.8304,15.7679,15.8304,4562376.0
1370851200000,15.8689,15.8975,15.8586,15.8743,530376.0
1370865600000,15.8739,16.0154,15.7321,15.9977,151372284.0
1370880000000,15.9971,16.0385,15.6,15.6686,271442360.0
1370894400000,15.6675,15.7589,15.6429,15.6586,10576524.0
1370937600000,15.6764,15.6764,15.525,15.5764,419356.0
1371196800000,15.5607,15.5718,15.5243,15.5411,207648.0
1371211200000,15.5589,15.5961,15.3529,15.395,129913896.0
1371225600000,15.3921,15.4278,15.3036,15.3548,120274896.0
1371240000000,15.3589,15.4926,15.3489,15.3489,13540660.0
1371456000000,15.4361,15.4814,15.3571,15.4396,708904.0
1371470400000,15.4421,15.525,15.3701,15.4632,136747548.0
1371484800000,15.4614,15.5607,15.3929,15.4318,112582988.0
1371499200000,15.4271,15.435,15.4204,15.4304,1325520.0
1371542400000,15.4746,15.4768,15.4318,15.4468,42812.0
1371556800000,15.4671,15.5321,15.3646,15.4621,100414440.0
1371571200000,15.4618,15.4704,15.3893,15.4195,82189800.0
1371585600000,15.4196,15.4367,15.3875,15.4018,1846264.0
1371628800000,15.4325,15.4325,15.3929,15.4029,175756.0
1371643200000,15.4036,15.4164,15.2321,15.2511,105971656.0
1371657600000,15.2507,15.2993,15.1071,15.1073,161318892.0
1371672000000,15.1073,15.3177,15.1068,15.1168,11578392.0
1371715200000,15.0875,15.0875,14.9732,14.9971,1167572.0
1371729600000,14.9996,15.2136,14.9304,15.0486,170451204.0
1371744000000,15.0486,15.0554,14.8275,14.8732,166170704.0
1371758400000,14.88,14.8925,14.8578,14.8886,6390356.0
1371801600000,14.9707,14.9889,14.9436,14.9789,304136.0
1371816000000,14.9918,15.0,14.575,14.6164,267727320.0
1371830400000,14.6179,14.7768,14.6157,14.7743,187787880.0
1371844800000,14.7746,14.775,14.6656,14.75,8149176.0
1372060800000,14.7143,14.7304,14.5271,14.5689,631372.0
1372075200000,14.5714,14.75,14.2161,14.2686,243951316.0
1372089600000,14.2688,14.4911,14.25,14.3621,210761488.0
1372104000000,14.3704,14.3964,14.3575,14.3761,17441788.0
1372147200000,14.3789,14.5157,14.3789,14.5071,521584.0
1372161600000,14.4929,14.5639,14.2439,14.3406,161349776.0
1372176000000,14.3411,14.4536,14.265,14.3779,131384008.0
1372190400000,14.3868,14.3886,14.3214,14.3268,6005160.0
1372233600000,14.4139,14.4554,14.4107,14.4286,352576.0
1372248000000,14.4264,14.4568,14.165,14.165,166597844.0
1372262400000,14.165,14.2493,14.1307,14.2143,153290368.0
1372665600000,14.2311,14.3821,14.2107,14.375,1789508.0
1372680000000,14.3668,14.6493,14.1193,14.6357,183602412.0
1372694400000,14.6357,14.7239,14.5761,14.615,185285464.0
1372708800000,14.615,14.6543,14.5986,14.6254,4530568.0
1372752000000,14.6829,14.7357,14.6518,14.6804,906556.0
1372766400000,14.6843,15.0582,14.5875,15.0239,240220736.0
1372780800000,15.0235,15.0429,14.7768,14.9468,206013220.0
1372795200000,14.9468,14.9746,14.8841,14.9732,2765532.0
1372838400000,14.9107,14.9107,14.8286,14.8825,191464.0
1372852800000,14.8854,15.1064,14.8393,15.0761,182543732.0
1372867200000,15.0729,15.0993,15.0,15.0286,56125496.0
1372881600000,15.0536,15.0679,15.0361,15.0361,20748.0
1373011200000,15.1429,15.1761,15.0929,15.1057,405692.0
1373025600000,15.1161,15.1589,14.8543,14.8893,151208540.0
1373040000000,14.8943,14.9346,14.8339,14.9079,109270140.0
1373054400000,14.9079,14.9507,14.9,14.9289,4557392.0
1373270400000,14.9629,15.0089,14.9629,14.9732,325360.0
1373284800000,15.0,15.0893,14.6661,14.7893,178964464.0
1373299200000,14.7879,14.8314,14.7161,14.825,97212752.0
1373313600000,14.8229,14.825,14.7643,14.7857,9839200.0
1373356800000,14.8564,14.8564,14.7793,14.7964,241304.0
1373371200000,14.7975,15.0125,14.6564,14.9682,182236208.0
1373385600000,14.9668,15.125,14.9311,15.0757,142445996.0
1373400000000,15.0757,15.0893,14.9384,15.0807,7676200.0
1373443200000,15.1232,15.1232,15.0079,15.0079,176876.0
1373457600000,15.0164,15.1714,14.9375,15.0586,168959252.0
1373472000000,15.0568,15.1354,14.9929,15.026,103744004.0
1373486400000,15.0143,15.1179,15.0021,15.1154,2761220.0
1373529600000,15.1596,15.1604,15.0857,15.1075,435400.0
1373544000000,15.1071,15.2386,15.0418,15.2354,145135452.0
1373558400000,15.2354,15.2946,15.1963,15.2625,155919568.0
1373572800000,15.2586,15.2789,15.2504,15.2561,3270148.0
1373616000000,15.2407,15.2707,15.2368,15.25,191968.0
1373630400000,15.2336,15.3496,15.1654,15.2075,134623776.0
1373644800000,15.2079,15.2368,15.1218,15.2321,116003440.0
1373659200000,15.2325,15.235,15.2004,15.2321,4225144.0
1373875200000,15.2586,15.2586,15.1989,15.1989,31948.0
1373889600000,15.1807,15.4093,15.1696,15.3443,117380592.0
1373904000000,15.3482,15.3714,15.2573,15.2657,86388764.0
1373918400000,15.2657,15.307,15.25,15.25,3255672.0
1373961600000,15.2786,15.3,15.2457,15.2457,52388.0
1373976000000,15.2432,15.3121,15.1489,15.2504,98327628.0
1373990400000,15.2504,15.3825,15.245,15.3675,107121112.0
1374004800000,15.3675,15.375,15.2232,15.3407,4045580.0
1374048000000,15.335,15.3414,15.2518,15.2786,858368.0
1374062400000,15.2893,15.4364,15.2893,15.3415,100218860.0
1374076800000,15.3404,15.3804,15.3232,15.3679,77086548.0
1374091200000,15.3689,15.3886,15.3593,15.3729,1200836.0
1374148800000,15.375,15.5311,15.3214,15.4471,113824480.0
1374163200000,15.4471,15.465,15.3789,15.4175,77394100.0
1374177600000,15.4171,15.4385,15.3321,15.3804,2077628.0
1374220800000,15.3514,15.4004,15.3514,15.4004,49700.0
1374235200000,15.4086,15.5218,15.1979,15.2318,153508852.0
1374249600000,15.2336,15.2839,15.1554,15.1771,104376888.0
1374264000000,15.1754,15.2107,15.1754,15.1875,4168724.0
1374480000000,15.2039,15.27,15.1893,15.2582,390376.0
1374494400000,15.2468,15.3571,15.1953,15.2468,113531096.0
1374508800000,15.2441,15.2743,15.1964,15.2221,64591688.0
1374523200000,15.2164,15.25,15.2029,15.2393,4873596.0
1374566400000,15.2607,15.3221,15.2443,15.3221,243460.0
1374580800000,15.3214,15.3389,15.0575,15.145,109527908.0
1374595200000,15.1436,15.1436,14.9539,14.9636,148457120.0
1374609600000,14.9636,15.7857,14.9593,15.5493,107260328.0
1374652800000,15.5,15.7232,15.5,15.6964,2820776.0
1374667200000,15.6786,15.8739,15.545,15.8107,360948756.0
1374681600000,15.8111,15.8782,15.725,15.7375,213951248.0
1374696000000,15.7371,15.811,15.7325,15.7714,4008116.0
1374739200000,15.7714,15.7857,15.6786,15.7268,459676.0
1374753600000,15.7214,15.7679,15.5646,15.6254,126683900.0
1375084800000,15.7661,15.7679,15.7136,15.7289,150444.0
1375099200000,15.7429,16.0279,15.7143,15.9661,129580752.0
1375113600000,15.9679,16.0711,15.95,15.9925,106741852.0
1375128000000,15.9925,16.0399,15.7496,16.0329,2974104.0
1375171200000,16.0461,16.0893,16.0193,16.0679,598304.0
1375185600000,16.0643,16.3268,15.9643,16.3109,163002644.0
1375200000000,16.3118,16.3121,16.1804,16.19,134652000.0
1375214400000,16.19,16.3068,16.19,16.2,2269316.0
1375257600000,16.2096,16.3036,16.2096,16.2764,374472.0
1375272000000,16.2754,16.3337,16.0511,16.1071,154496272.0
1375286400000,16.1075,16.2833,16.0897,16.1614,128996868.0
1375300800000,16.1639,16.1968,16.1586,16.1929,4232872.0
1375344000000,16.1786,16.3607,16.1786,16.3207,473088.0
1375358400000,16.3214,16.3214,16.1429,16.2763,110680164.0
1375372800000,16.2761,16.3132,16.2275,16.3125,84803880.0
1375387200000,16.3129,16.3464,16.2817,16.3421,3410120.0
1375430400000,16.3232,16.3232,16.3046,16.3107,108080.0
1375444800000,16.3079,16.4132,16.2143,16.3771,115564624.0
1375459200000,16.3782,16.5304,16.3714,16.5218,139457808.0
1375473600000,16.5207,16.53,16.5,16.5036,4069828.0
1375689600000,16.5054,16.7143,16.5054,16.6411,1803256.0
1375704000000,16.6268,16.7643,16.4643,16.6882,174958896.0
1375718400000,16.6875,16.8096,16.6821,16.7643,127125908.0
1375732800000,16.7632,16.7811,16.7368,16.7496,2504852.0
1375776000000,16.7739,16.7768,16.6964,16.7143,191436.0
1375790400000,16.705,16.8532,16.55,16.6143,184330412.0
1375804800000,16.6171,16.7314,16.5061,16.615,126496048.0
1375819200000,16.6161,16.6214,16.6014,16.6143,1192996.0
1375862400000,16.5571,16.5936,16.5464,16.5589,158312.0
1375876800000,16.5536,16.6786,16.4918,16.5292,133117236.0
1375891200000,16.5275,16.6454,16.5071,16.605,123264316.0
1375905600000,16.6064,16.6111,16.5714,16.5893,4057200.0
1375948800000,16.5679,16.6075,16.5214,16.5357,449624.0
1375963200000,16.5357,16.5982,16.3554,16.4957,149961308.0
1376380800000,16.76,16.7964,16.75,16.7736,794164.0
1376395200000,16.7736,16.9389,16.7161,16.8809,193313344.0
1376409600000,16.8807,17.6664,16.8665,17.4904,666991304.0
1376424000000,17.4911,17.655,16.7634,17.6357,11235700.0
1376467200000,17.6071,17.7539,17.6071,17.7361,3020024.0
1376481600000,17.7371,17.8546,17.4643,17.8154,395247272.0
1376496000000,17.8179,18.0089,17.7793,17.8064,343943684.0
1376510400000,17.8032,17.9004,17.6707,17.7414,5809272.0
1376553600000,17.7414,17.8925,17.7414,17.7657,1509984.0
1376568000000,17.7554,17.9214,17.4673,17.8754,258220228.0
1376582400000,17.8719,17.9428,17.7372,17.782,185996636.0
1376596800000,17.7893,17.8313,17.7611,17.7911,6900516.0
1376640000000,17.8321,17.8882,17.8036,17.8807,627592.0
1376654400000,17.8761,17.9621,17.8164,17.9079,173510792.0
1376668800000,17.9086,17.9489,17.8486,17.9386,137630500.0
1376683200000,17.9407,17.9889,17.8985,17.9679,6962760.0
1376899200000,18.0696,18.0696,18.0004,18.0179,831796.0
1376913600000,18.0039,18.3479,17.9754,18.2946,260018696.0
1376928000000,18.295,18.3411,18.1329,18.1382,205500540.0
1376942400000,18.1382,18.1929,18.1271,18.175,4575060.0
1376985600000,18.2143,18.2529,17.9839,18.2268,889896.0
1377000000000,18.2357,18.2457,17.8864,17.9986,225351196.0
1377014400000,17.9986,18.0179,17.8875,17.8961,121152892.0
1377028800000,17.895,17.9464,17.895,17.9464,3485216.0
1377072000000,17.9196,17.9864,17.8568,17.9554,810712.0
1377086400000,17.9471,18.1125,17.8571,17.9969,172218228.0
1377100800000,17.9957,18.0521,17.9,17.9436,147342524.0
1377115200000,17.9439,17.9475,17.8982,17.9,3280004.0
1377158400000,17.9771,18.0671,17.9771,18.0604,448728.0
1377676800000,17.4107,17.4214,17.3236,17.3332,747488.0
1377691200000,17.3539,17.6368,17.3236,17.5639,165524940.0
1377705600000,17.5682,17.7071,17.5096,17.525,128262484.0
1377720000000,17.5271,17.5286,17.4957,17.5036,4916296.0
1377763200000,17.5821,17.6786,17.5821,17.6589,343616.0
1377777600000,17.66,17.7321,17.5439,17.7232,126889476.0
1377792000000,17.7236,17.7261,17.5404,17.5579,104294596.0
1377806400000,17.5579,17.6379,17.5411,17.5818,1952356.0
1377849600000,17.5893,17.6393,17.5714,17.6036,238000.0
1377864000000,17.6018,17.625,17.3768,17.3839,134533280.0
1377878400000,17.3825,17.4554,17.375,17.4029,109757256.0
1377892800000,17.3964,17.4482,17.3907,17.4196,4167128.0
1378195200000,17.6036,17.6071,17.4286,17.5286,1154916.0
1378209600000,17.5311,17.8786,17.5,17.6296,164946796.0
1378224000000,17.6254,17.6957,17.4054,17.4489,158747148.0
1378238400000,17.4471,17.4532,17.4107,17.4296,2888228.0
1378281600000,17.4464,17.8532,17.4125,17.8304,3349108.0
1378296000000,17.8225,17.9375,17.7146,17.8483,201527984.0
1378310400000,17.8482,17.8604,17.7243,17.8089,124458852.0
1378324800000,17.8129,17.875,17.79,17.875,4728640.0
1378368000000,17.9107,17.9204,17.8571,17.9,772884.0
1378382400000,17.9071,17.9204,17.7416,17.7621,115472168.0
1378396800000,17.7636,17.7636,17.63,17.6879,100618924.0
1378411200000,17.6879,17.75,17.6811,17.75,3927952.0
1378454400000,17.7696,17.8479,17.7607,17.8393,761908.0
1378468800000,17.8393,17.8532,17.4982,17.7218,186831680.0
1378483200000,17.7243,17.835,17.7075,17.7943,149235744.0
1378497600000,17.7907,17.8925,17.7864,17.8857,17141068.0
1378713600000,18.0268,18.1036,17.9679,17.9807,2536772.0
1378728000000,17.9996,18.1157,17.9646,18.0652,182541744.0
1378742400000,18.0629,18.14,18.0432,18.0782,139928572.0
1378972800000,16.7768,16.8157,16.6968,16.7975,946176.0
1378987200000,16.8036,16.9054,16.6432,16.8888,214640160.0
1379001600000,16.8907,16.9786,16.815,16.8818,177109996.0
1379016000000,16.8825,16.9036,16.8661,16.8943,2312744.0
1379059200000,16.9286,16.9539,16.7518,16.7786,1071924.0
1379073600000,16.7786,16.851,16.6586,16.7052,144446596.0
1379088000000,16.7064,16.7211,16.5964,16.6036,139418132.0
1379102400000,16.6068,16.6089,16.5396,16.5536,4397148.0
1379318400000,16.7118,16.725,16.6089,16.6371,853048.0
1379332800000,16.6375,16.7214,16.1493,16.2531,279803776.0
1379347200000,16.25,16.265,15.9721,16.0754,250524372.0
1379361600000,16.0732,16.2857,15.9382,15.9464,6414408.0
1379404800000,15.8857,16.0093,15.8714,15.95,1489656.0
1379419200000,15.9554,16.4182,15.9018,16.3118,246956388.0
1379433600000,16.3139,16.3918,16.2336,16.2564,137344340.0
1379448000000,16.2557,16.2614,16.2321,16.2571,1966328.0
1379491200000,16.2857,16.4539,16.2857,16.4539,1903076.0
1379505600000,16.4421,16.6554,16.3686,16.4782,220359328.0
1379520000000,16.4768,16.6429,16.4521,16.5946,199271016.0
1379534400000,16.5946,16.7379,16.5363,16.7346,13986308.0
1379577600000,16.7543,16.7621,16.6625,16.75,1227296.0
1379592000000,16.75,16.9596,16.7143,16.8914,200249252.0
1379606400000,16.8936,16.9939,16.8408,16.8679,180563488.0
1379620800000,16.8679,16.9052,16.775,16.7857,7376236.0
1379664000000,16.8264,17.1104,16.8182,17.0807,2429840.0
1379678400000,17.0807,17.1529,16.8812,16.9082,238284060.0
1379692800000,16.9079,16.9254,16.6429,16.6779,268066848.0
1379707200000,16.6796,16.8877,16.6286,16.6879,118449212.0
1379923200000,16.7546,16.8357,16.5357,16.5893,875308.0
1380268800000,17.3846,17.3846,17.2932,17.3275,460068.0
1380283200000,17.3279,17.3786,17.1955,17.2171,99785924.0
1380297600000,17.2168,17.2643,17.1686,17.24,112837676.0
1380312000000,17.2286,17.2539,17.2286,17.2464,3563896.0
1380528000000,17.1532,17.1532,17.0039,17.0893,1616664.0
1380542400000,17.0893,17.3214,16.9433,17.1279,121624888.0
1380556800000,17.1272,17.1529,16.9861,17.0268,100734424.0
1380571200000,17.0268,17.0613,17.0004,17.0214,8462272.0
1380614400000,17.0996,17.1279,17.0393,17.0507,742756.0
1380628800000,17.0482,17.375,17.0271,17.3614,165034352.0
1380643200000,17.3602,17.4693,17.3318,17.4284,162227800.0
1380657600000,17.4296,17.4564,17.0268,17.4429,19197052.0
1380700800000,17.3357,17.4336,17.2857,17.3889,1384488.0
1380715200000,17.3921,17.555,17.2768,17.5261,165251296.0
1380729600000,17.5246,17.5643,17.4321,17.4843,98698572.0
1380744000000,17.4864,17.4928,17.3929,17.4318,3522204.0
1380787200000,17.3982,17.5118,17.3982,17.5,304808.0
1380801600000,17.4964,17.5839,17.1692,17.1735,159661852.0
1380816000000,17.1721,17.3204,17.1693,17.2639,127226092.0
1380830400000,17.2643,17.4857,17.2429,17.2536,23096752.0
1380873600000,17.2814,17.3618,17.2814,17.3036,370888.0
1380888000000,17.3036,17.37,17.0929,17.1657,133858620.0
1380902400000,17.1621,17.2857,17.1429,17.2502,116520292.0
1380916800000,17.2654,17.2654,17.2154,17.2529,2512356.0
1381132800000,17.33,17.3932,17.2896,17.3679,2586528.0
1381147200000,17.3625,17.5907,17.2143,17.5693,176404340.0
1381161600000,17.5657,17.5946,17.3754,17.4196,126187236.0
1381176000000,17.4193,17.4955,17.3839,17.4232,3001684.0
1381219200000,17.4196,17.4439,17.3929,17.4439,250040.0
1381233600000,17.4511,17.5229,17.1982,17.27,171146528.0
1381248000000,17.2693,17.2764,17.1621,17.1789,108036012.0
1381262400000,17.1764,17.275,17.1764,17.2714,4501280.0
1381737600000,17.2789,17.5361,17.2789,17.4839,740152.0
1381752000000,17.4714,17.76,17.4196,17.6814,141230908.0
1381766400000,17.6811,17.7707,17.6554,17.7171,108302376.0
1381780800000,17.715,17.7389,17.7125,17.7311,2344776.0
1381824000000,17.6786,17.8214,17.6786,17.7479,876764.0
1381838400000,17.7321,17.9179,17.6971,17.8586,168052892.0
1381852800000,17.8589,17.9286,17.7793,17.8171,142942520.0
1381867200000,17.81,17.855,17.8096,17.855,3672228.0
1381910400000,17.7514,17.9286,17.7211,17.8868,3244640.0
1381924800000,17.8829,17.9475,17.75,17.8839,135362220.0
1381939200000,17.885,17.9286,17.8714,17.8957,101880100.0
1381953600000,17.9014,17.9039,17.85,17.8911,4807264.0
1381996800000,17.8939,17.9439,17.8571,17.9054,522144.0
1382011200000,17.91,18.0193,17.81,18.0058,134280216.0
1382025600000,18.0075,18.0279,17.9646,18.0236,98429072.0
1382040000000,18.0214,18.1007,18.0182,18.0989,5409796.0
1382083200000,18.0839,18.1607,18.0768,18.1268,1124732.0
1382097600000,18.1268,18.1879,18.0,18.1714,149352308.0
1382112000000,18.1711,18.1782,18.1286,18.1725,122356892.0
1382126400000,18.1782,18.1946,18.1547,18.1946,7105644.0
1382342400000,18.2143,18.3211,18.2143,18.2857,1417976.0
1382356800000,18.2943,18.7143,18.2536,18.705,227311448.0
1382371200000,18.705,18.725,18.555,18.6209,150239656.0
1382385600000,18.6179,18.8139,18.2686,18.7946,5549544.0
1382428800000,18.75,18.8071,18.7061,18.7496,1980860.0
1382443200000,18.75,18.8871,18.1439,18.5732,255304112.0
1382457600000,18.5776,18.6554,18.2464,18.5668,256550924.0
1382472000000,18.5654,18.6421,18.5286,18.6071,4856236.0
1382515200000,18.4954,18.5357,18.4504,18.4911,571480.0
1382529600000,18.5168,18.75,18.4571,18.6704,148203944.0
1382947200000,18.8518,18.9429,18.8393,18.8814,950628.0
1382961600000,18.8807,18.9414,18.6861,18.7839,151030712.0
1382976000000,18.7857,18.9643,18.7714,18.91,233531844.0
1382990400000,18.9232,19.3571,17.9646,18.6939,152060496.0
1383033600000,19.0575,19.15,18.7143,19.15,7640780.0
1383048000000,19.1386,19.2589,18.6018,18.7064,367775632.0
1383062400000,18.7104,18.8571,18.3764,18.4648,244064576.0
1383076800000,18.4639,18.4821,18.4404,18.4518,6530720.0
1383120000000,18.5679,18.6,18.5179,18.5396,959952.0
1383134400000,18.5429,18.84,18.465,18.7454,194445888.0
1383148800000,18.745,18.8036,18.5975,18.7457,142101652.0
1383163200000,18.75,18.7954,18.6607,18.6786,7108724.0
1383206400000,18.6907,18.7893,18.6907,18.7629,332612.0
1383220800000,18.7589,18.8389,18.6168,18.7701,134693132.0
1383235200000,18.77,18.8154,18.6543,18.6561,113377572.0
1383249600000,18.6564,18.6786,18.6479,18.6786,12362336.0
1383292800000,18.6786,18.7486,18.5714,18.7454,591024.0
1383307200000,18.7411,18.7493,18.5146,18.5207,116865700.0
1383321600000,18.5204,18.5875,18.4229,18.5693,144121488.0
1383336000000,18.5729,18.5921,18.5375,18.5429,4289180.0
1383552000000,18.5771,18.6589,18.575,18.6518,63812.0
1383566400000,18.6196,18.7536,18.5289,18.6993,99249836.0
1383580800000,18.7004,18.7589,18.5932,18.7289,88736480.0
1383595200000,18.7314,18.8275,18.6579,18.8036,52529400.0
1383609600000,18.8036,18.8118,18.7946,18.8118,217056.0
1383638400000,18.7786,18.7786,18.7143,18.7518,86912.0
1383652800000,18.7464,18.8888,18.6786,18.7843,105835408.0
1383667200000,18.7854,18.8557,18.7118,18.8146,102757004.0
1383681600000,18.8154,18.83,18.7468,18.7746,48288772.0
1383696000000,18.7696,18.7764,18.765,18.7764,122696.0
1383724800000,18.75,18.7875,18.6964,18.785,426076.0
1383739200000,18.7768,18.7925,18.5107,18.5347,101808448.0
1384160400000,18.6071,18.6789,18.5393,18.6746,468692.0
1384174800000,18.6714,18.6746,18.3718,18.5168,135576616.0
1384189200000,18.5146,18.6014,18.4707,18.5438,80315592.0
1384203600000,18.5461,18.5525,18.5179,18.5218,1682828.0
1384246800000,18.4839,18.5204,18.475,18.5018,276360.0
1384261200000,18.4939,18.7114,18.4643,18.6093,115928932.0
1384275600000,18.6107,18.6454,18.5096,18.5754,74866148.0
1384290000000,18.5718,18.6036,18.5,18.6,5954900.0
1384333200000,18.5625,18.5982,18.5364,18.5536,260204.0
1384347600000,18.55,18.5979,18.4629,18.5875,98172144.0
1384362000000,18.59,18.6518,18.515,18.5971,87001236.0
1384376400000,18.5982,18.6071,18.5536,18.5914,1579676.0
1384419600000,18.5657,18.6232,18.5657,18.6232,92288.0
1384434000000,18.6196,18.8632,18.5714,18.815,166749240.0
1384448400000,18.8163,18.9029,18.7775,18.8639,105128688.0
1384462800000,18.8634,18.8704,18.8196,18.845,3229884.0
1384506000000,18.8571,18.9121,18.8457,18.8571,602784.0
1384520400000,18.875,18.9036,18.7454,18.7529,138782392.0
1384534800000,18.7567,18.8022,18.7318,18.7479,127025500.0
1384549200000,18.7529,18.7589,18.7411,18.7454,3649912.0
1384765200000,18.7496,18.8368,18.7143,18.8143,648200.0
1384779600000,18.8036,18.8357,18.645,18.6786,113947904.0
1384794000000,18.6786,18.75,18.5071,18.5232,110725972.0
1384808400000,18.5232,18.5336,18.5043,18.5268,1488144.0
1384851600000,18.5114,18.5268,18.5,18.5089,138460.0
1384866000000,18.5196,18.6921,18.5082,18.5986,99538040.0
1384880400000,18.6018,18.6336,18.4989,18.5536,96982284.0
1384894800000,18.5525,18.5714,18.5354,18.5636,3349388.0
1384938000000,18.5579,18.5579,18.505,18.5182,111692.0
1384952400000,18.5336,18.5864,18.4739,18.5032,98928872.0
1384966800000,18.5032,18.5268,18.3689,18.3932,88029368.0
1384981200000,18.3929,18.4104,18.3929,18.4089,1555876.0
1385024400000,18.3889,18.4864,18.3768,18.4821,493388.0
1385038800000,18.4786,18.5518,18.3893,18.4243,116192888.0
1385053200000,18.4254,18.6146,18.3454,18.6079,131007548.0
1385067600000,18.6075,18.6471,18.6075,18.6429,2512916.0
1385110800000,18.67,18.6786,18.6143,18.6214,144396.0
1385456400000,18.7175,18.7475,18.7,18.7475,104076.0
1385470800000,18.7357,18.9589,18.7071,18.9351,147060928.0
1385485200000,18.9364,19.1479,18.9343,19.0571,203206836.0
1385499600000,19.05,19.1129,19.05,19.0946,23463916.0
1385542800000,19.0971,19.1789,19.0936,19.1589,1350104.0
1385557200000,19.1607,19.4643,19.0679,19.4568,221047232.0
1385571600000,19.4573,19.5,19.3789,19.4993,126939316.0
1385586000000,19.4986,19.5446,19.3704,19.5357,6112148.0
1385715600000,19.5754,19.6821,19.5754,19.6393,1554980.0
1385730000000,19.6379,19.9046,19.4821,19.8554,204800764.0
1385744400000,19.8571,19.9404,19.8475,19.8596,105077784.0
1385758800000,19.8779,19.8814,19.8607,19.8607,285292.0
1385974800000,19.8854,20.0714,19.8643,19.9529,1596952.0
1385989200000,19.9525,20.1546,19.7196,19.7539,305884488.0
1386003600000,19.7539,19.8661,19.6721,19.6893,150903116.0
1386018000000,19.6904,19.7043,19.6843,19.7043,4432120.0
1386061200000,19.8211,20.0036,19.8211,19.8929,2265620.0
1386075600000,19.8918,20.1229,19.6964,19.9964,228639460.0
1386090000000,19.9957,20.2279,19.9857,20.2279,193887512.0
1386104400000,20.2186,20.31,20.186,20.2857,14950796.0
1386147600000,20.2771,20.3386,20.2646,20.275,1439060.0
1386162000000,20.275,20.3382,20.0293,20.1557,209996696.0
1386176400000,20.1557,20.2418,20.0446,20.1736,141200500.0
1386190800000,20.1757,20.2,20.08,20.1575,6158796.0
1386234000000,20.1821,20.6207,20.1821,20.4614,6219276.0
1386248400000,20.4604,20.5786,20.1607,20.4196,250481308.0
1386262800000,20.4179,20.4643,20.2289,20.2893,162021776.0
1386277200000,20.2939,20.3436,20.2321,20.2429,6589716.0
1386320400000,20.3214,20.3721,20.1679,20.2318,832664.0
1386334800000,20.2432,20.3571,20.0461,20.1282,179668748.0
1386349200000,20.1293,20.175,19.9846,19.9975,146238512.0
1386752400000,20.1786,20.2679,20.1464,20.2679,403032.0
1386766800000,20.2696,20.3918,20.1786,20.2032,156700236.0
1386781200000,20.2018,20.2057,19.9889,20.0407,176135288.0
1386795600000,20.0475,20.2342,20.0368,20.0679,4929764.0
1386838800000,20.0357,20.1236,19.9929,20.1214,601188.0
1386853200000,20.1179,20.1907,20.0121,20.0436,134292340.0
1386867600000,20.0429,20.1236,20.0011,20.0239,114094652.0
1386882000000,20.0243,20.0336,20.0043,20.0286,2044868.0
1386925200000,20.0946,20.1821,20.02,20.1429,1031576.0
1386939600000,20.1429,20.1643,19.7796,19.8214,182559664.0
1386954000000,19.8243,19.8582,19.7739,19.8032,123248356.0
1386968400000,19.8036,19.8763,19.79,19.825,5617164.0
1387184400000,19.75,19.9143,19.75,19.9068,766892.0
1387198800000,19.9068,20.0942,19.8143,20.0395,152261256.0
1387213200000,20.0364,20.0425,19.8643,19.9088,103487664.0
1387227600000,19.9118,19.925,19.8939,19.9161,4275292.0
1387270800000,19.9011,19.9493,19.9011,19.9375,158592.0
1387285200000,19.9393,19.98,19.7634,19.8689,117026532.0
1387299600000,19.8704,19.9461,19.8061,19.8205,92707216.0
1387314000000,19.8179,19.8582,19.7935,19.8264,2874116.0
1387357200000,19.8554,19.8554,19.4464,19.5754,3745644.0
1387371600000,19.5754,19.7625,19.3571,19.4093,245728448.0
1387386000000,19.4039,19.6946,19.2429,19.6696,297878868.0
1387400400000,19.6657,19.6786,19.5036,19.6571,7419076.0
1387443600000,19.6786,19.7014,19.5625,19.6314,527828.0
1387458000000,19.5982,19.6575,19.4839,19.5096,156034032.0
1387472400000,19.5104,19.5261,19.4189,19.4446,144862928.0
1387486800000,19.4461,19.5189,19.4036,19.4321,7012964.0
1387530000000,19.5082,19.5164,19.4536,19.4946,401632.0
1387544400000,19.4482,19.7004,19.4464,19.6407,204386000.0
1387558800000,19.6418,19.6539,19.5686,19.5971,145339712.0
1387573200000,19.5964,19.6393,19.5725,19.6393,28811104.0
1387789200000,19.7861,20.4654,19.7861,20.2521,8046388.0
1388048400000,20.3475,20.3475,20.2861,20.3314,229600.0
1388062800000,20.2914,20.3429,20.1206,20.23,107565640.0
1388077200000,20.2316,20.2368,20.1268,20.1368,82173560.0
1388091600000,20.1393,20.1536,20.1189,20.1261,1621368.0
1388134800000,20.1643,20.1961,20.1179,20.1821,257880.0
1388149200000,20.14,20.2143,19.9821,19.9976,133648340.0
1388163600000,19.9998,20.0396,19.9854,20.0032,85395016.0
1388178000000,20.0032,20.0032,19.9839,19.9982,2548560.0
1388394000000,19.95,19.9714,19.8668,19.8925,695884.0
1388408400000,19.8929,19.9464,19.7258,19.8214,140402752.0
1388422800000,19.8245,19.8786,19.7325,19.8036,99387680.0
1388437200000,19.8014,19.8121,19.7411,19.7536,2870700.0
1388480400000,19.805,19.81,19.7482,19.75,177884.0
1388494800000,19.75,20.0457,19.7482,20.0386,117292280.0
1388509200000,20.0379,20.0439,19.9522,20.0414,88773020.0
1388523600000,20.0418,20.0514,20.0286,20.0421,3025680.0
1388653200000,19.7679,19.9286,19.7679,19.865,1093540.0
1388667600000,19.8661,19.8939,19.7371,19.7496,127172192.0
1388682000000,19.7511,19.7857,19.715,19.7582,96338004.0
1388696400000,19.7546,19.7643,19.743,19.75,2730532.0
1388739600000,19.7607,19.8279,19.7607,19.8139,293076.0
1388754000000,19.8111,19.8214,19.4532,19.4719,184691164.0
1388768400000,19.4707,19.4811,19.3011,19.3229,187694528.0
1388782800000,19.3207,19.3739,19.2986,19.3079,9549204.0
1388998800000,19.3504,19.3504,19.0536,19.2186,2440340.0
1389013200000,19.2143,19.365,19.0571,19.3571,215381376.0
1389027600000,19.3596,19.5286,19.344,19.4268,171468220.0
1389042000000,19.4261,19.4554,19.4111,19.45,7714868.0
1389085200000,19.4446,19.4964,19.4436,19.4846,402080.0
1389099600000,19.4925,19.4993,19.2825,19.32,151386592.0
1389114000000,19.3168,19.3464,19.2116,19.2868,148226764.0
1389128400000,19.2904,19.3143,19.2286,19.2364,8042832.0
1389171600000,19.2868,19.3361,19.2675,19.3193,148512.0
1389186000000,19.3071,19.4843,19.2389,19.45,132830544.0
1389344400000,19.1957,19.3739,19.175,19.3679,1131620.0
1389358800000,19.3625,19.3625,18.9761,19.0071,169228724.0
1389373200000,19.0089,19.0614,18.9682,19.0329,118552476.0
1389387600000,19.0336,19.0543,19.0179,19.0414,3152744.0
1389603600000,19.0339,19.1571,19.0179,19.1429,653800.0
1389618000000,19.1286,19.3732,18.9118,19.3568,177078244.0
1389632400000,19.3557,19.375,18.9654,19.1286,186980136.0
1389646800000,19.1332,19.1657,19.0768,19.1571,3528952.0
1389690000000,19.1482,19.2679,19.1482,19.26,610092.0
1389704400000,19.2654,19.4679,19.1875,19.4668,174582996.0
1389718800000,19.4679,19.5261,19.3946,19.5139,138743584.0
1389733200000,19.5054,19.5482,19.3704,19.5357,4619104.0
1389776400000,19.5507,19.8839,19.5507,19.8218,3068520.0
1389790800000,19.8214,19.9996,19.7021,19.9357,212116968.0
1389805200000,19.9389,20.0071,19.8489,19.9057,157006332.0
1389819600000,19.9055,19.9736,19.8929,19.9707,6438880.0
1389862800000,19.9339,19.9379,19.8496,19.8629,401884.0
1389877200000,19.8786,19.9379,19.7029,19.8404,133957124.0
1389891600000,19.8407,19.8654,19.7786,19.7936,83841912.0
1389906000000,19.7936,19.7964,19.7339,19.7439,2286340.0
1389949200000,19.8214,19.8214,19.6464,19.695,1190980.0
1389963600000,19.6964,19.7625,19.5571,19.5868,173892796.0
1389978000000,19.5864,19.6032,19.2821,19.3004,234285940.0
1389992400000,19.3064,19.6125,19.2907,19.3179,9535400.0
1390294800000,19.3107,19.4279,19.2614,19.2714,1185632.0
1390309200000,19.275,19.5725,19.2593,19.5155,168214844.0
1390323600000,19.5155,19.6454,19.4725,19.6071,143004568.0
1390338000000,19.6071,19.6196,19.4464,19.6196,3817212.0
1390381200000,19.575,19.6954,19.5732,19.6764,426888.0
1390395600000,19.6725,19.9032,19.5646,19.8482,207757284.0
1390410000000,19.8486,19.8936,19.665,19.6968,158777136.0
1390424400000,19.6932,19.7704,19.6814,19.7554,3918768.0
1390813200000,19.6061,19.7411,19.5989,19.6829,1966636.0
1390827600000,19.6857,19.8143,19.5861,19.5964,196522508.0
1390842000000,19.6011,19.8125,19.4911,19.6625,202000120.0
1390856400000,19.6607,20.0714,17.8757,18.0714,159187056.0
1390899600000,18.2232,18.5714,18.1982,18.3189,6314532.0
1390914000000,18.3161,18.3929,17.9311,18.1911,687140608.0
1390928400000,18.1979,18.2411,18.0214,18.1011,334483324.0
1390942800000,18.0918,19.6607,18.0614,18.1636,32824092.0
1390986000000,18.1929,18.3125,18.0714,18.125,2057356.0
1391000400000,18.125,18.2143,17.8079,17.9675,296352728.0
1391014800000,17.9643,17.9764,17.8311,17.8764,193035696.0
1391029200000,17.8775,17.9243,17.8668,17.8929,3759560.0
1391072400000,17.8232,17.9229,17.7764,17.8818,740236.0
1391086800000,17.9096,18.0893,17.7393,17.8889,358377516.0
1391101200000,17.8871,17.9729,17.8196,17.8313,266707308.0
1391115600000,17.8371,17.8596,17.8089,17.8414,3844120.0
1391158800000,17.7821,17.7857,17.6875,17.7143,901376.0
1391173200000,17.75,17.7982,17.6268,17.7734,179265380.0
1391187600000,17.7732,17.9118,17.7643,17.8782,260988532.0
1391202000000,17.8764,17.9011,17.8133,17.8929,9120468.0
1391418000000,17.8571,17.9429,17.8089,17.9429,397460.0
1391432400000,17.9321,18.1332,17.8786,18.0014,183297156.0
1391446800000,17.9986,18.0061,17.8321,17.9154,178004904.0
1391461200000,17.9154,17.9464,17.8986,17.9464,7698180.0
1391504400000,17.9629,18.0193,17.9232,18.0032,717444.0
1391518800000,18.0054,18.1864,17.9379,18.1861,196742700.0
1391533200000,18.1857,18.195,18.1093,18.1711,162430296.0
1391547600000,18.1711,18.1714,18.1275,18.15,6362524.0
1391590800000,18.1786,18.1786,18.0882,18.0882,200844.0
1391605200000,18.0993,18.3314,18.0382,18.3263,160175988.0
1392022800000,18.6464,18.6643,18.5718,18.6179,488544.0
1392037200000,18.6161,18.9179,18.4543,18.9098,189433552.0
1392051600000,18.9086,18.9996,18.8117,18.8923,136371816.0
1392066000000,18.8921,18.9154,18.8771,18.9018,4571756.0
1392109200000,18.975,19.0,18.9329,18.9393,361172.0
1392123600000,18.9329,19.1682,18.9107,19.1289,148783348.0
1392138000000,19.1293,19.2054,19.1058,19.1414,122013024.0
1392152400000,19.1414,19.1643,19.1275,19.15,3601332.0
1392195600000,19.1929,19.2314,19.1393,19.1429,308112.0
1392210000000,19.1457,19.27,19.0443,19.1232,151906888.0
1392224400000,19.1229,19.25,19.0896,19.1379,135966040.0
1392238800000,19.135,19.1589,19.1207,19.1468,2158576.0
1392282000000,19.0893,19.0893,18.9546,19.0446,451808.0
1392296400000,19.0446,19.3818,19.0011,19.35,152018776.0
1392310800000,19.3525,19.4589,19.3414,19.4436,141712956.0
1392325200000,19.4439,19.4518,19.3899,19.4286,3709580.0
1392368400000,19.4432,19.5364,19.4432,19.4839,471548.0
1392382800000,19.4793,19.5493,19.3289,19.4429,147156548.0
1392397200000,19.4411,19.4561,19.3531,19.4243,116482520.0
1392411600000,19.4282,19.4571,19.4239,19.4446,1964984.0
1392714000000,19.4982,19.4982,19.4264,19.4804,316092.0
1392728400000,19.4768,19.6854,19.4107,19.6025,141299144.0
1392742800000,19.6021,19.6439,19.4925,19.495,98330540.0
1392757200000,19.4996,19.5581,19.4729,19.4786,7282240.0
1392800400000,19.5,19.5089,19.4136,19.4589,280644.0
1392814800000,19.4643,19.5318,19.2339,19.2339,138137804.0
1392829200000,19.2339,19.2657,19.0839,19.1925,161375648.0
1392843600000,19.1929,19.2368,19.185,19.2168,5393388.0
1392886800000,19.1068,19.1518,18.9532,18.9911,2093028.0
1392901200000,19.0086,19.1786,18.9057,18.9818,164208240.0
1392915600000,18.9821,18.9989,18.8929,18.9679,131186132.0
1392930000000,18.9696,18.9857,18.9661,18.9857,2841916.0
1392973200000,19.0,19.0357,19.0,19.035,111160.0
1392987600000,19.0229,19.0918,18.7996,18.8639,151675972.0
1393002000000,18.8643,18.8789,18.7357,18.7586,119340368.0
1393232400000,18.7786,18.7786,18.6368,18.7143,884240.0
1393246800000,18.7143,18.8864,18.6521,18.7721,129173772.0
1393261200000,18.7736,18.9257,18.6607,18.8407,137663736.0
1393275600000,18.8393,18.9007,18.8107,18.9007,10482360.0
1393318800000,18.8429,18.8925,18.6361,18.8621,147056.0
1393333200000,18.8411,18.9286,18.6964,18.7971,116956224.0
1393347600000,18.797,18.8018,18.6071,18.6454,107201724.0
1393362000000,18.645,18.6911,18.645,18.6679,2738904.0
1393405200000,18.6429,18.6607,18.515,18.66,621264.0
1393419600000,18.62,18.75,18.4821,18.5218,140705040.0
1393434000000,18.5207,18.56,18.4143,18.4763,129919720.0
1393448400000,18.4768,18.645,18.4321,18.4336,1983828.0
1393491600000,18.4964,18.5054,18.3629,18.4125,473732.0
1393506000000,18.4268,18.7443,18.375,18.6664,134001672.0
1393520400000,18.6653,18.885,18.655,18.8446,140892332.0
1393534800000,18.8454,18.8611,18.835,18.8607,13063820.0
1393578000000,18.8943,18.9,18.8289,18.8346,224196.0
1393592400000,18.8489,19.0268,18.8143,18.9209,148631616.0
1393606800000,18.9207,18.9214,18.6471,18.7964,179433716.0
1393621200000,18.7943,18.8107,18.7732,18.7732,6099072.0
1393837200000,18.6436,18.6604,18.5536,18.6393,1016204.0
1393851600000,18.6429,18.9518,18.5821,18.6946,126907200.0
1393866000000,18.6963,18.8486,18.6718,18.8486,103808292.0
1393880400000,18.8486,18.8675,18.84,18.8607,3155740.0
1393923600000,18.9175,19.0357,18.9175,19.0,682640.0
1393938000000,19.0036,19.0236,18.9,18.9657,104061468.0
1393952400000,18.9671,18.9896,18.8489,18.9729,142785720.0
1393966800000,18.9721,18.975,18.9475,18.9589,2442692.0
1394010000000,18.9736,19.0521,18.9736,19.0521,260624.0
1394024400000,19.0289,19.0446,18.8975,18.9729,90336988.0
1394038800000,18.9732,19.0982,18.9571,19.0129,102426380.0
1394053200000,19.0111,19.0214,18.995,19.0161,1229200.0
1394096400000,19.0525,19.0532,19.0286,19.0375,159460.0
1394110800000,19.0357,19.0871,18.9546,18.9905,73413480.0
1394125200000,18.9904,19.0064,18.8607,18.9579,97584872.0
1394139600000,18.9554,18.9609,18.9311,18.9375,1287412.0
1394182800000,18.9557,18.9796,18.9554,18.9646,52752.0
1394524800000,18.9143,19.1286,18.9143,19.075,766668.0
1394539200000,19.0893,19.2393,19.0446,19.2214,141282288.0
1394553600000,19.2211,19.2407,19.0211,19.1468,129590916.0
1394568000000,19.1461,19.1654,19.1461,19.1464,1845312.0
1394611200000,19.1446,19.1446,19.0614,19.1071,223636.0
1394625600000,19.0896,19.1911,19.0,19.1346,111969032.0
1394640000000,19.1346,19.1679,19.085,19.1643,81194680.0
1394654400000,19.1646,19.1857,19.1543,19.1857,1220772.0
1394697600000,19.1857,19.2357,19.1796,19.2236,214648.0
1394712000000,19.2064,19.2736,19.0714,19.085,109196276.0
1394726400000,19.0864,19.0971,18.8986,18.9532,137454408.0
1394740800000,18.9521,19.0061,18.8875,18.9057,1740648.0
1394784000000,18.8925,18.9371,18.8925,18.9114,196952.0
1394798400000,18.9196,18.9604,18.6786,18.8099,134712956.0
1394812800000,18.8107,18.8175,18.6861,18.7379,91813876.0
1394827200000,18.7382,18.7475,18.7264,18.7425,3292912.0
1395043200000,18.795,18.8814,18.795,18.8393,225624.0
1395057600000,18.8421,18.9275,18.7804,18.8861,95996880.0
1395072000000,18.8879,18.9257,18.7875,18.8189,87760792.0
1395086400000,18.8061,18.8268,18.7893,18.8,4058712.0
1395129600000,18.8054,18.8929,18.7293,18.8396,210364.0
1395144000000,18.8454,18.9189,18.7571,18.8779,81350108.0
1395158400000,18.8775,18.9989,18.8696,18.9757,111943804.0
1395172800000,18.9786,18.9829,18.9607,18.9786,943908.0
1395216000000,19.0264,19.05,19.0179,19.035,135184.0
1395230400000,19.0475,19.1514,18.97,19.1068,98050820.0
1395244800000,19.105,19.1321,18.8929,18.9736,116147052.0
1395259200000,18.9736,19.0,18.9557,19.0,4462304.0
1395302400000,18.9114,18.965,18.9032,18.965,102452.0
1395316800000,18.88,19.0239,18.8339,18.8711,102291224.0
1395331200000,18.8711,18.9736,18.8482,18.8839,82555984.0
1395345600000,18.8821,18.9031,18.8607,18.8607,2079280.0
1395388800000,18.9286,18.9643,18.8339,18.9268,318136.0
1395403200000,18.9279,19.1129,18.8482,18.8996,140703724.0
1395417600000,18.9011,18.9875,18.7975,18.9868,154371280.0
1395432000000,18.9811,19.0311,18.9589,19.0171,26035716.0
1395648000000,19.1425,19.3711,19.1425,19.2893,2436924.0
1395820800000,19.5257,19.5357,19.4829,19.5286,350336.0
1395835200000,19.5314,19.6071,19.4989,19.5554,121745204.0
1395849600000,19.5575,19.5589,19.245,19.2779,160347012.0
1395864000000,19.2779,19.2821,19.2357,19.2425,4305196.0
1395907200000,19.25,19.3136,19.25,19.2821,157360.0
1395921600000,19.3146,19.3393,19.1393,19.1641,107640428.0
1395936000000,19.1682,19.2386,19.1114,19.1938,105227640.0
1395950400000,19.1857,19.2236,19.1804,19.2236,3248168.0
1395993600000,19.2657,19.3214,19.2607,19.2857,340704.0
1396008000000,19.2857,19.3021,19.1475,19.1889,84008120.0
1396022400000,19.1886,19.2207,19.0804,19.1736,107576504.0
1396036800000,19.1736,19.2143,19.1736,19.2068,2392404.0
1396252800000,19.2586,19.2982,19.255,19.2836,303800.0
1396267200000,19.2839,19.3214,19.1454,19.1821,75321064.0
1396281600000,19.1843,19.2346,19.1404,19.1689,73189648.0
1396296000000,19.1693,19.2016,19.1107,19.1107,2102156.0
1396339200000,19.1854,19.2143,19.1786,19.2054,246288.0
1396353600000,19.2057,19.2821,19.1704,19.2629,90537132.0
1396368000000,19.2654,19.3525,19.2164,19.3479,90319992.0
1396382400000,19.3479,19.3568,19.2699,19.3486,2256716.0
1396425600000,19.3911,19.4018,19.3571,19.3575,241948.0
1396440000000,19.3643,19.4021,19.2961,19.3611,86047780.0
1396454400000,19.3614,19.41,19.295,19.3789,83561968.0
1396468800000,19.3768,19.3929,19.3393,19.3839,2754024.0
1396512000000,19.3929,19.3929,19.295,19.3568,92820.0
1396526400000,19.3464,19.375,19.2504,19.2632,79581124.0
1396540800000,19.2625,19.2821,19.2014,19.2438,76796916.0
1396555200000,19.2425,19.2604,19.2414,19.2604,788704.0
1396598400000,19.2754,19.2896,19.2696,19.2696,63280.0
1396612800000,19.2739,19.2925,19.0465,19.0907,110146848.0
1396627200000,19.088,19.0964,18.9493,18.9939,148462384.0
1396641600000,18.9957,19.0186,18.9936,19.0175,2484972.0
1396857600000,18.8532,18.9054,18.8532,18.8679,291144.0
1396872000000,18.8607,18.9607,18.7382,18.7529,120881936.0
1396886400000,18.7516,18.8286,18.6389,18.6981,130524996.0
1396900800000,18.6954,18.7897,18.695,18.7239,1352764.0
1396944000000,18.7725,18.7839,18.6857,18.7036,97636.0
1396958400000,18.6986,18.815,18.525,18.6894,139158460.0
1397116800000,19.0368,19.05,18.9293,19.0179,859740.0
1397131200000,19.0036,19.0357,18.7961,18.825,111726664.0
1397145600000,18.8246,18.8261,18.6846,18.6957,116240264.0
1397160000000,18.6971,18.7036,18.6021,18.6429,2727564.0
1397203200000,18.6729,18.695,18.5264,18.5982,385252.0
1397217600000,18.6071,18.6725,18.4693,18.6019,137604180.0
1397232000000,18.6043,18.6407,18.4889,18.5579,121471420.0
1397246400000,18.5586,18.5714,18.5429,18.5696,2751868.0
1397462400000,18.5375,18.6071,18.4643,18.6071,203476.0
1397476800000,18.5893,18.6761,18.4718,18.5582,99249416.0
1397491200000,18.5589,18.6486,18.4968,18.6319,85426712.0
1397505600000,18.6264,18.6511,18.6125,18.6321,1300404.0
1397548800000,18.6661,18.6786,18.65,18.6607,50400.0
1397563200000,18.6518,18.6693,18.3469,18.3575,115949708.0
1397577600000,18.3632,18.5254,18.2618,18.4964,141963612.0
1397592000000,18.4982,18.55,18.4743,18.4996,2028460.0
1397635200000,18.5436,18.5793,18.5436,18.5736,183008.0
1397649600000,18.5764,18.5875,18.362,18.4925,94401244.0
1397664000000,18.4925,18.6104,18.4682,18.5348,106430632.0
1397678400000,18.5361,18.5389,18.4357,18.4464,4317096.0
1397721600000,18.4575,18.5218,18.4571,18.5218,89684.0
1397736000000,18.4571,18.7071,18.4571,18.7029,124806556.0
1397750400000,18.7,18.8486,18.6946,18.7496,147085176.0
1397764800000,18.7479,18.7561,18.5361,18.75,5565084.0
1398067200000,18.8021,18.8171,18.7857,18.8036,161000.0
1398081600000,18.8025,18.9243,18.7129,18.9064,92129128.0
1398096000000,18.905,19.005,18.8968,18.97,80208268.0
1398110400000,18.9668,18.9971,18.9557,18.9821,2060520.0
1398153600000,18.9589,18.9589,18.8661,18.8707,431900.0
1398168000000,18.8796,18.9579,18.8036,18.9216,98028056.0
1398182400000,18.9254,18.9938,18.905,18.9889,87931788.0
1398196800000,18.9889,18.9982,18.9714,18.9839,2517396.0
1398240000000,18.975,18.9875,18.9204,18.9214,138376.0
1398254400000,18.9196,18.9821,18.8482,18.8782,101836000.0
1398268800000,18.8793,18.8996,18.7304,18.7407,147575988.0
1398283200000,18.7339,20.3346,18.6782,20.2196,135349984.0
1398326400000,20.1411,20.4375,20.095,20.3564,7449932.0
1398412800000,20.1857,20.1857,20.0714,20.1432,907340.0
1398427200000,20.1429,20.3786,20.1,20.3446,186242812.0
1398441600000,20.3493,20.4282,20.2393,20.4279,188253912.0
1398456000000,20.4279,20.4286,20.3668,20.3957,6792324.0
1398672000000,20.4286,20.4793,20.4218,20.4725,767564.0
1398686400000,20.4679,21.1768,20.4061,20.9382,364276052.0
1398700800000,20.9439,21.2768,20.8075,21.2168,278739356.0
1398715200000,21.2207,21.25,21.2007,21.2346,5519640.0
1398758400000,21.2857,21.3386,21.25,21.3175,1175664.0
1398772800000,21.3075,21.3214,21.0539,21.1443,183259132.0
1398787200000,21.15,21.2489,21.1179,21.1586,127301636.0
1398801600000,21.1557,21.1596,21.0714,21.0714,3684352.0
1398844800000,21.0714,21.2343,21.0357,21.2282,1178464.0
1398859200000,21.2146,21.4082,21.1161,21.3132,169228472.0
1398873600000,21.3143,21.4071,21.0643,21.0729,184163112.0
1398888000000,21.0764,21.1329,21.0721,21.1168,45775408.0
1398931200000,21.0757,21.1632,21.0757,21.14,248528.0
1398945600000,21.1371,21.2429,21.01,21.04,126451948.0
1398960000000,21.04,21.1696,20.9414,21.12,109624676.0
1398974400000,21.12,21.1329,21.0982,21.1089,1898120.0
1399017600000,21.1429,21.1786,21.1429,21.1696,139916.0
1399032000000,21.1611,21.2214,21.0611,21.1732,95863040.0
1399046400000,21.1729,21.1946,21.1054,21.1636,86958620.0
1399060800000,21.1636,21.1686,21.1375,21.1439,3277652.0
1399276800000,21.1096,21.1096,21.0004,21.0961,231784.0
1399291200000,21.0961,21.3835,21.0071,21.2846,133047180.0
1399305600000,21.2861,21.4643,21.2746,21.4618,140521752.0
1399320000000,21.4618,21.5179,21.4582,21.4946,7566020.0
1399363200000,21.5354,21.5821,21.4904,21.4964,756560.0
1399377600000,21.4982,21.5861,21.3304,21.4657,218136408.0
1399392000000,21.4639,21.4721,21.2289,21.2296,133097356.0
1399406400000,21.23,21.4629,21.1429,21.2286,7397152.0
1399449600000,21.2368,21.3161,21.2368,21.2996,299292.0
1399464000000,21.2946,21.3479,20.9904,21.1682,150896564.0
1399881600000,20.9525,21.0321,20.9214,21.0143,319172.0
1399896000000,21.0004,21.1321,20.9286,21.0916,93990428.0
1399910400000,21.0936,21.2021,21.0918,21.1704,97326908.0
1399924800000,21.1725,21.1746,21.1536,21.1696,1829324.0
1399968000000,21.1804,21.1929,21.1464,21.1679,229096.0
1399982400000,21.1807,21.2054,21.0964,21.1629,72281384.0
1399996800000,21.1582,21.2336,21.1175,21.2036,76283032.0
1400011200000,21.2057,21.2057,21.1775,21.1893,1022084.0
1400054400000,21.1579,21.1582,21.1257,21.1532,78540.0
1400068800000,21.1439,21.3357,21.135,21.2307,84478744.0
1400083200000,21.2316,21.2946,21.1336,21.2093,73751776.0
1400097600000,21.2089,21.2357,21.1932,21.225,1351364.0
1400140800000,21.1804,21.2139,21.1804,21.1804,96712.0
1400155200000,21.1829,21.3071,21.0207,21.0421,118111420.0
1400169600000,21.0446,21.1086,21.0014,21.0293,98410312.0
1400184000000,21.0293,21.0714,20.9993,21.0282,8269492.0
1400227200000,21.0375,21.04,21.0,21.0114,90104.0
1400241600000,21.0161,21.0886,20.9071,20.9802,109357108.0
1400256000000,20.9818,21.3404,20.9814,21.338,153843872.0
1400270400000,21.3371,21.3571,21.3282,21.3457,3922912.0
1400486400000,21.3036,21.3464,21.2489,21.3214,702240.0
1400500800000,21.3293,21.6811,21.2889,21.6743,189892024.0
1400515200000,21.6727,21.6904,21.5371,21.5857,113429148.0
1400529600000,21.5925,21.6011,21.5714,21.5714,2075696.0
1400572800000,21.6071,21.6625,21.5996,21.6061,511728.0
1400587200000,21.6036,21.6571,21.5361,21.6468,110429088.0
1400601600000,21.6536,21.6536,21.4546,21.5932,110270104.0
1400616000000,21.5875,21.5968,21.5243,21.5375,6892480.0
1400659200000,21.5893,21.6286,21.575,21.6107,225064.0
1400673600000,21.5986,21.6286,21.5021,21.5636,101701348.0
1400688000000,21.5643,21.6679,21.5464,21.6529,86485196.0
1400702400000,21.6525,21.6643,21.5943,21.6486,2650340.0
1400745600000,21.6746,21.7011,21.6746,21.6829,94192.0
1400760000000,21.6732,21.7093,21.575,21.6314,94526600.0
1400774400000,21.6389,21.7804,21.6143,21.6904,98052332.0
1400788800000,21.6893,21.7179,21.6518,21.6607,4367216.0
1400832000000,21.6804,21.6993,21.6761,21.6761,70000.0
1400846400000,21.6786,21.7475,21.6514,21.725,89992420.0
1401177600000,21.9614,22.0993,21.9614,22.0625,928984.0
1401192000000,22.0625,22.1949,21.9836,22.1632,163928996.0
1401206400000,22.1593,22.3521,22.1521,22.3468,160245456.0
1401220800000,22.3475,22.3807,22.3443,22.3657,3818360.0
1401264000000,22.3596,22.4907,22.3571,22.3571,567560.0
1401278400000,22.3839,22.4939,22.2779,22.3686,176431052.0
1401292800000,22.3682,22.4643,22.2836,22.2857,118797616.0
1401307200000,22.2861,22.3207,22.2679,22.3068,2724568.0
1401350400000,22.3789,22.4071,22.3311,22.3696,315280.0
1401364800000,22.3804,22.5218,22.3429,22.46,142104928.0
1401379200000,22.4596,22.7454,22.4321,22.6886,221459616.0
1401393600000,22.6921,22.7464,22.6789,22.7393,6328980.0
1401436800000,22.7571,22.8379,22.7214,22.7432,1481060.0
1401451200000,22.75,23.0061,22.6875,22.9561,223501656.0
1401465600000,22.9593,22.9786,22.4607,22.6071,300167280.0
1401480000000,22.6071,22.6577,22.5814,22.625,5045908.0
1401696000000,22.6782,22.7286,22.6386,22.6457,988904.0
1401710400000,22.6429,22.7,22.3701,22.5539,157878112.0
1401724800000,22.5511,22.5704,22.2321,22.4464,204225896.0
1401739200000,22.4518,22.4614,22.4107,22.4425,1644216.0
1401782400000,22.3464,22.3711,22.3214,22.35,425992.0
1401796800000,22.3554,22.8121,22.3325,22.6479,179528552.0
1401811200000,22.6479,22.7896,22.6443,22.7693,105185108.0
1401825600000,22.7695,22.8036,22.7668,22.7932,3487960.0
1401868800000,22.8143,22.8289,22.7418,22.7536,454356.0
1401883200000,22.7657,23.0363,22.7146,23.0075,154100940.0
1401897600000,23.0075,23.1389,22.9893,23.0293,166000492.0
1401912000000,23.0293,23.0396,23.0,23.0321,2666132.0
1401955200000,23.0536,23.1036,23.0536,23.0714,582092.0
1401969600000,23.0714,23.1918,22.9504,23.0086,166857964.0
1401984000000,23.0143,23.1246,22.9804,23.1196,122804696.0
1401998400000,23.1196,23.1196,23.0896,23.1068,3024868.0
1402041600000,23.1714,23.1964,23.1371,23.1611,816564.0
1402300800000,23.0575,23.1725,22.9325,23.0125,798816.0
1402315200000,23.0125,23.4175,22.9375,23.2525,144813832.0
1402329600000,23.2525,23.47,23.25,23.425,145394960.0
1402344000000,23.425,23.445,23.4,23.4425,3235892.0
1402387200000,23.45,23.625,23.45,23.49,841296.0
1402401600000,23.4925,23.7625,23.4375,23.4975,153043992.0
1402416000000,23.4975,23.565,23.3925,23.5625,88056352.0
1402430400000,23.56,23.575,23.5434,23.5725,2199000.0
1402473600000,23.54,23.555,23.3375,23.375,566264.0
1402488000000,23.3825,23.69,23.3475,23.5975,93054280.0
1402502400000,23.595,23.6075,23.3675,23.4675,79325608.0
1402516800000,23.46,23.475,23.4375,23.465,3683976.0
1402560000000,23.475,23.5375,23.4625,23.5175,143568.0
1402574400000,23.52,23.5325,23.265,23.271,70602240.0
1402588800000,23.27,23.2875,22.975,23.0675,138909428.0
1402603200000,23.065,23.0725,23.0,23.0125,4257756.0
1402646400000,23.0625,23.0625,22.8,22.9075,936636.0
1402660800000,22.9125,23.1575,22.82,22.8775,102749616.0
1402675200000,22.8775,22.9625,22.72,22.815,102039036.0
1402689600000,22.82,22.88,22.75,22.87,3110232.0
1402905600000,22.85,22.8725,22.725,22.8625,124548.0
1402920000000,22.8575,23.1875,22.805,23.0045,80905756.0
1402934400000,23.004,23.075,22.9275,23.0425,53304700.0
1402948800000,23.04,23.0875,23.04,23.0675,1901108.0
1402992000000,23.0825,23.2,23.0825,23.15,360280.0
1403006400000,23.1475,23.1975,22.95,23.0454,57824376.0
1403020800000,23.045,23.1471,22.9825,23.02,53707288.0
1403035200000,23.02,23.05,22.995,23.0,1427040.0
1403078400000,23.065,23.25,23.025,23.16,456500.0
1403596800000,22.67,22.7425,22.665,22.74,132008.0
1403611200000,22.7375,22.935,22.66,22.8672,67760816.0
1403625600000,22.865,22.92,22.5475,22.5725,80921948.0
1403640000000,22.57,22.7558,22.54,22.595,2531084.0
1403683200000,22.6025,22.6025,22.51,22.58,188752.0
1403697600000,22.5825,22.675,22.4125,22.5747,85742824.0
1403712000000,22.575,22.6325,22.505,22.59,50613748.0
1403726400000,22.585,22.605,22.565,22.5875,2455132.0
1403769600000,22.59,22.675,22.59,22.635,69608.0
1403784000000,22.65,22.65,22.45,22.545,66882040.0
1403798400000,22.545,22.7625,22.5325,22.73,58197132.0
1403812800000,22.73,22.7425,22.7,22.7425,1383424.0
1403856000000,22.7375,22.78,22.7275,22.7575,127516.0
1403870400000,22.76,22.95,22.665,22.8859,71007548.0
1403884800000,22.8858,23.0,22.82,22.99,72300460.0
1403899200000,22.995,23.0042,22.965,22.985,56954776.0
1404115200000,23.0275,23.1025,23.0,23.045,141220.0
1404129600000,23.0375,23.2075,23.0,23.1725,73059044.0
1404144000000,23.1734,23.4313,23.115,23.24,104158612.0
1404158400000,23.2475,23.2975,23.2325,23.28,6026556.0
1404201600000,23.345,23.3625,23.275,23.3275,105292.0
1404216000000,23.3275,23.49,23.2825,23.47,75436076.0
1404230400000,23.47,23.5175,23.3775,23.38,68539768.0
1404244800000,23.3875,23.4322,23.355,23.395,2395436.0
1404288000000,23.395,23.4875,23.39,23.45,135424.0
1404302400000,23.45,23.525,23.335,23.425,59100208.0
1404316800000,23.425,23.435,23.2725,23.3675,49326564.0
1404331200000,23.37,23.375,23.3375,23.3575,1223964.0
1404374400000,23.4075,23.45,23.3775,23.395,154368.0
1404388800000,23.415,23.4475,23.3,23.4168,50365908.0
1404403200000,23.42,23.525,23.4063,23.5075,38946504.0
1404417600000,23.505,23.5125,23.5025,23.5125,38868.0
1404720000000,23.5125,23.5475,23.4975,23.5175,87652.0
1404734400000,23.5225,23.8675,23.475,23.695,114421984.0
1404892800000,23.85,23.875,23.8075,23.865,126492.0
1404907200000,23.865,23.9875,23.8025,23.945,67538396.0
1404921600000,23.9475,23.9475,23.69,23.8475,64244768.0
1404936000000,23.8475,23.86,23.8,23.8425,1164756.0
1404979200000,23.845,23.845,23.4375,23.4875,717064.0
1404993600000,23.49,23.685,23.38,23.6475,77731040.0
1405008000000,23.645,23.8875,23.625,23.7575,74449912.0
1405022400000,23.7575,23.76,23.6375,23.72,2343392.0
1405065600000,23.795,23.8375,23.7875,23.7925,99348.0
1405080000000,23.81,23.9725,23.74,23.8375,67076172.0
1405094400000,23.835,23.8525,23.7156,23.805,60318540.0
1405108800000,23.8075,23.8325,23.79,23.8275,1332084.0
1405324800000,23.805,24.125,23.805,24.04,709624.0
1405339200000,24.03,24.21,23.9125,24.1575,92747956.0
1405353600000,24.1588,24.2225,24.0775,24.1125,70246852.0
1405368000000,24.115,24.1722,24.0875,24.155,2347200.0
1405411200000,24.1875,24.2375,24.15,24.2125,195780.0
1405425600000,24.2075,24.2375,23.81,23.81,85138068.0
1405440000000,23.81,23.95,23.7575,23.8275,76427292.0
1405454400000,23.83,24.29,23.83,24.2,7904092.0
1405497600000,24.345,24.4975,24.2,24.4075,1120288.0
1405512000000,24.4125,24.49,24.0175,24.0903,109874772.0
1405526400000,24.09,24.125,23.685,23.695,92936160.0
1405540800000,23.6925,24.0054,23.685,23.695,4980776.0
1405584000000,23.7875,23.7875,23.61,23.6275,239516.0
1405598400000,23.6475,23.8198,23.3875,23.41,91050148.0
1405612800000,23.4125,23.5265,23.1425,23.27,128885976.0
1405627200000,23.27,23.3625,23.2,23.225,2944868.0
1405670400000,23.285,23.425,23.2825,23.3775,268368.0
1406188800000,24.3275,24.3725,24.245,24.3,748500.0
1406203200000,24.3,24.3475,24.105,24.2475,83085368.0
1406217600000,24.2475,24.325,24.1525,24.255,75913904.0
1406232000000,24.2525,24.2975,24.125,24.1875,2277232.0
1406275200000,24.225,24.2275,24.1875,24.2,95412.0
1406289600000,24.195,24.46,24.16,24.2998,89062668.0
1406304000000,24.3,24.4225,24.2,24.42,70351060.0
1406318400000,24.415,24.43,24.3825,24.405,1708656.0
1406534400000,24.4,24.4625,24.4,24.425,167404.0
1406548800000,24.425,24.6,24.35,24.5675,91715596.0
1406563200000,24.5675,24.81,24.4389,24.75,109465160.0
1406577600000,24.75,24.775,24.7375,24.7575,8626504.0
1406620800000,24.755,24.8175,24.705,24.8175,275268.0
1406635200000,24.815,24.87,24.5625,24.63,92791788.0
1406649600000,24.63,24.7475,24.5625,24.5975,73089220.0
1406664000000,24.5975,24.6025,24.5,24.565,2142028.0
1406707200000,24.6125,24.655,24.605,24.645,131644.0
1406721600000,24.6475,24.675,24.445,24.445,62547520.0
1406736000000,24.4463,24.65,24.4175,24.5325,65018928.0
1406750400000,24.5325,24.55,24.5125,24.535,1348356.0
1406793600000,24.4875,24.4875,24.175,24.2875,510964.0
1406808000000,24.3,24.55,23.84,23.8612,112646204.0
1406822400000,23.8625,24.1,23.8325,23.895,99680888.0
1406836800000,23.925,24.02,23.8125,23.86,4874756.0
1406880000000,23.82,23.82,23.3275,23.6775,1369456.0
1406894400000,23.6825,24.0375,23.5,23.86,93472028.0
1406908800000,23.86,24.155,23.825,24.0341,92007136.0
1406923200000,24.035,24.06,24.0175,24.0475,1851540.0
1407139200000,24.0,24.205,24.0,24.1625,204468.0
1407484800000,23.3125,23.605,23.3125,23.5625,511452.0
1407499200000,23.565,23.635,23.32,23.4475,73910964.0
1407513600000,23.4487,23.705,23.41,23.6825,84697680.0
1407528000000,23.685,23.685,23.49,23.6325,1532544.0
1407744000000,23.8875,23.8875,23.7775,23.825,253244.0
1407758400000,23.84,24.02,23.7089,23.96,75581020.0
1407772800000,23.9587,24.0125,23.9,23.995,59435408.0
1407787200000,23.9975,24.0575,23.9975,24.0525,858252.0
1407830400000,24.0625,24.15,24.04,24.07,227708.0
1407844800000,24.07,24.22,23.975,24.0825,71478064.0
1407859200000,24.08,24.0825,23.9025,23.9925,56907300.0
1407873600000,23.995,24.1733,23.96,23.9875,2445720.0
1407916800000,24.0725,24.0975,23.9975,24.0875,233008.0
1407931200000,24.0875,24.2375,24.01,24.1975,59195796.0
1407945600000,24.1963,24.3075,24.165,24.3075,62093204.0
1407960000000,24.31,24.33,24.2825,24.32,2502536.0
1408003200000,24.3125,24.3725,24.3125,24.3275,93208.0
1408017600000,24.3325,24.385,24.2,24.3275,62489424.0
1408032000000,24.33,24.3925,24.305,24.375,46412688.0
1408046400000,24.375,24.395,24.3625,24.395,1273112.0
1408089600000,24.385,24.45,24.38,24.41,89764.0
1408104000000,24.415,24.5475,24.215,24.28,119467116.0
1408118400000,24.28,24.5,24.235,24.495,70854144.0
1408132800000,24.4975,24.5375,24.465,24.4975,2171724.0
1408348800000,24.495,24.665,24.495,24.65,267896.0
1408363200000,24.6525,24.7825,24.495,24.7375,85584004.0
1408377600000,24.7384,24.8425,24.715,24.785,80229004.0
1408392000000,24.7875,24.8325,24.785,24.8325,7630536.0
1408435200000,24.85,24.92,24.85,24.8875,624408.0
1408449600000,24.8875,25.0,24.83,24.995,101938248.0
1408953600000,25.3375,25.5325,25.3375,25.475,465240.0
1408968000000,25.4712,25.5425,25.385,25.485,87587608.0
1408982400000,25.4825,25.4975,25.32,25.385,63889528.0
1408996800000,25.385,25.395,25.305,25.3225,2445368.0
1409040000000,25.3125,25.3975,25.31,25.3875,141312.0
1409054400000,25.385,25.395,25.215,25.29,75143392.0
1409068800000,25.2888,25.35,25.22,25.2225,52376032.0
1409083200000,25.22,25.2825,25.2025,25.255,1400944.0
1409126400000,25.2725,25.33,25.2725,25.28,100492.0
1409140800000,25.2825,25.495,25.175,25.44,71274636.0
1409155200000,25.44,25.6425,25.4328,25.53,107887628.0
1409169600000,25.5325,25.5325,25.4775,25.525,4986836.0
1409212800000,25.5875,25.5875,25.375,25.4375,282712.0
1409227200000,25.4375,25.64,25.33,25.605,134268084.0
1409241600000,25.6048,25.695,25.54,25.5625,104218540.0
1409256000000,25.57,25.6175,25.5225,25.595,2805012.0
1409299200000,25.655,25.725,25.65,25.6825,244228.0
1409313600000,25.6825,25.7325,25.55,25.6198,75024296.0
1409328000000,25.62,25.6525,25.575,25.625,67419364.0
1409342400000,25.6225,25.6475,25.6,25.6375,15538908.0
1409644800000,25.66,25.955,25.66,25.785,972952.0
1409659200000,25.8,25.935,25.68,25.8263,108115792.0
1409673600000,25.8275,25.8875,25.7425,25.825,96766332.0
1409688000000,25.825,25.845,25.775,25.815,1835496.0
1409731200000,25.7475,25.9925,25.7475,25.8175,569588.0
1409745600000,25.825,25.9125,24.645,24.77,289979488.0
1409760000000,24.7725,25.045,24.7,24.735,200828456.0
1409774400000,24.735,24.805,24.73,24.75,4944676.0
1410163200000,24.8725,24.88,24.8025,24.8225,595396.0
1410177600000,24.8225,24.9825,24.6575,24.696,86440928.0
1410192000000,24.695,24.72,24.5125,24.585,89080820.0
1410206400000,24.585,24.7425,24.5,24.6125,2355340.0
1410249600000,24.75,24.8225,24.65,24.7875,1203728.0
1410264000000,24.7875,24.92,24.7055,24.8763,118952380.0
1410278400000,24.874,25.77,24.035,24.5,624288692.0
1410292800000,24.5,25.375,24.43,24.43,5810732.0
1410336000000,23.475,24.6625,23.475,24.3875,2484452.0
1410350400000,24.4125,24.9375,24.255,24.9125,199077008.0
1410364800000,24.91,25.2775,24.855,25.245,191035056.0
1410379200000,25.245,25.2975,24.4975,25.2975,4264204.0
1410422400000,25.3,25.3,25.115,25.125,433836.0
1410436800000,25.1175,25.2175,24.905,24.9866,112470212.0
1410451200000,24.9859,25.36,24.9275,25.355,127818528.0
1410465600000,25.355,25.4,24.95,25.33,3785820.0
1410508800000,25.3325,25.3325,25.1475,25.2375,709216.0
1410523200000,25.165,25.5175,25.165,25.405,110702804.0
1410537600000,25.405,25.5475,25.3425,25.4175,128707196.0
1410552000000,25.42,25.4475,25.375,25.4,7509660.0
1410768000000,25.42,25.55,25.4025,25.535,567712.0
1410782400000,25.53,25.865,25.409,25.5075,136866128.0
1410796800000,25.51,25.645,25.36,25.4025,101546992.0
1410811200000,25.4075,25.47,25.4,25.4375,2183904.0
1410854400000,25.4625,25.49,25.18,25.2,926500.0
1410868800000,25.225,25.4613,24.7225,25.05,155799360.0
1411372800000,25.27,25.3375,25.1275,25.3125,291192.0
1411387200000,25.3125,25.5625,25.125,25.2692,105442072.0
1411401600000,25.27,25.4375,25.145,25.2675,91794676.0
1411416000000,25.275,25.2911,25.165,25.1775,2670440.0
1411459200000,25.265,25.265,25.07,25.155,197912.0
1411473600000,25.1425,25.5975,25.135,25.5613,107139144.0
1411488000000,25.5613,25.735,25.5375,25.66,136633416.0
1411502400000,25.66,25.6875,25.5525,25.6375,4750692.0
1411545600000,25.595,25.635,25.475,25.525,750704.0
1411560000000,25.5125,25.7125,25.3,25.435,121889888.0
1411574400000,25.435,25.5475,25.3375,25.4375,104403536.0
1411588800000,25.44,25.475,25.3175,25.345,5083640.0
1411632000000,25.2625,25.32,25.1225,25.29,445188.0
1411646400000,25.295,25.32,24.43,24.64,237404476.0
1411660800000,24.64,24.7375,24.455,24.4675,149079580.0
1411675200000,24.485,24.61,24.4675,24.5675,4539576.0
1411718400000,24.6875,24.7675,24.4675,24.6375,679608.0
1411732800000,24.66,24.9975,24.575,24.885,120108212.0
1411747200000,24.8838,25.185,24.88,25.1825,117504252.0
1411761600000,25.1825,25.1875,24.8816,25.175,2331704.0
1411977600000,25.135,25.135,24.7,24.9,1265348.0
1411992000000,24.9025,25.1,24.63,25.0335,95169492.0
1412006400000,25.0325,25.1088,24.885,25.0275,90339020.0
1412020800000,25.0275,25.1548,24.9775,24.985,4081704.0
1412064000000,25.0275,25.2675,25.0275,25.2125,811916.0
1412078400000,25.225,25.385,25.085,25.325,95230872.0
1412668800000,24.8575,24.955,24.75,24.9225,450788.0
1412683200000,24.92,25.03,24.79,24.91,83582544.0
1412697600000,24.9125,24.975,24.6825,24.6875,78178044.0
1412712000000,24.6875,24.8786,24.6675,24.7,1286588.0
1412755200000,24.6375,24.7775,24.5625,24.765,312308.0
1412769600000,24.7625,24.84,24.5775,24.7825,73551388.0
1412784000000,24.7825,25.2775,24.69,25.1935,143907512.0
1412798400000,25.1975,25.225,25.1725,25.195,2860872.0
1412841600000,25.235,25.3775,25.13,25.1675,755652.0
1412856000000,25.175,25.595,25.125,25.4278,145582632.0
1412870400000,25.4225,25.47,25.1525,25.255,149762400.0
1412884800000,25.2725,25.4681,25.13,25.1875,4204188.0
1412928000000,25.2275,25.2275,25.01,25.1,648564.0
1412942400000,25.1,25.4725,25.05,25.36,124370824.0
1412956800000,25.3612,25.5075,25.1825,25.1825,122245124.0
1412971200000,25.19,25.2563,25.1525,25.2125,3231388.0
1413187200000,25.0975,25.4125,25.0,25.3375,408204.0
1413201600000,25.3375,25.445,24.9575,25.2175,102218148.0
1413216000000,25.2175,25.3975,24.9525,24.9575,99368648.0
1413230400000,24.9525,25.0325,24.905,24.9875,2457140.0
1413273600000,25.055,25.1,24.9225,25.055,306080.0
1413288000000,25.0425,25.1625,24.7225,25.0541,113480524.0
1413302400000,25.0525,25.115,24.6425,24.6975,124695584.0
1413316800000,24.6875,24.9922,24.6875,24.82,6407312.0
1413360000000,24.7525,24.82,24.6275,24.7375,851564.0
1413374400000,24.735,24.875,24.415,24.54,132805688.0
1413388800000,24.5383,24.5425,23.795,24.39,252875380.0
1413403200000,24.385,24.55,24.2,24.2425,8972156.0
1413964800000,25.62,25.6225,25.5,25.6,275824.0
1413979200000,25.6,26.0275,25.5375,25.9375,145680668.0
1413993600000,25.9375,25.9875,25.725,25.75,115122636.0
1414008000000,25.75,25.7975,25.7375,25.7825,2815200.0
1414051200000,25.7825,26.0,25.7825,25.995,596396.0
1414065600000,25.9875,26.2628,25.675,26.2313,149452396.0
1414080000000,26.23,26.2575,26.14,26.2075,127856472.0
1414094400000,26.205,26.2475,26.2025,26.2475,4626112.0
1414137600000,26.2025,26.235,26.15,26.2,278920.0
1414152000000,26.195,26.3725,26.1325,26.2567,90099784.0
1414166400000,26.255,26.3175,26.1875,26.305,77692152.0
1414180800000,26.305,26.3225,26.246,26.3125,1652148.0
1414396800000,26.315,26.4,26.195,26.2125,234092.0
1414411200000,26.215,26.37,26.165,26.29,67113908.0
1414425600000,26.29,26.34,26.2425,26.275,61413452.0
1414440000000,26.2775,26.2825,26.2225,26.2675,784176.0
1414483200000,26.1725,26.4425,26.1725,26.3975,330680.0
1414497600000,26.4,26.5925,26.1725,26.56,77469344.0
1414512000000,26.56,26.68,26.5525,26.6775,80164868.0
1414526400000,26.675,26.6875,26.5025,26.6225,10134388.0
1414569600000,26.62,26.7125,26.62,26.6475,192440.0
1414584000000,26.655,26.835,26.645,26.7875,67998192.0
1414598400000,26.7865,26.8425,26.59,26.835,97379120.0
1414612800000,26.835,26.8375,26.72,26.7875,11455088.0
1414656000000,26.8,26.85,26.6,26.6725,509484.0
1414670400000,26.6625,26.8225,26.475,26.6118,72963628.0
1414684800000,26.615,26.8375,26.6,26.745,71235196.0
1414699200000,26.7425,26.775,26.6578,26.775,1190368.0
1414742400000,26.75,27.5,26.75,26.975,575828.0
1415264400000,27.125,27.1625,27.0825,27.09,267276.0
1415278800000,27.0925,27.1725,26.95,27.1225,69263064.0
1415293200000,27.12,27.1975,27.0,27.1725,60023472.0
1415307600000,27.1725,27.19,27.1525,27.19,3977632.0
1415350800000,27.1925,27.2475,27.1625,27.175,167072.0
1415365200000,27.175,27.33,26.93,27.2018,62039936.0
1415379600000,27.2,27.2725,27.1825,27.25,55715728.0
1415394000000,27.2525,27.2675,27.2425,27.26,10222688.0
1415610000000,27.2525,27.3225,27.225,27.3025,130460.0
1415624400000,27.3,27.3325,27.0075,27.2213,56317788.0
1415638800000,27.2209,27.285,27.1675,27.205,47055452.0
1415653200000,27.2025,27.2075,27.1625,27.165,969048.0
1415696400000,27.1875,27.1975,27.1375,27.18,83832.0
1415710800000,27.18,27.26,26.95,27.2025,45733772.0
1415725200000,27.2025,27.4375,27.18,27.425,56686044.0
1415739600000,27.42,27.48,27.1875,27.4275,2214984.0
1415782800000,27.35,27.3975,27.3075,27.35,108584.0
1415797200000,27.3575,27.75,27.2075,27.7475,93892784.0
1415811600000,27.7475,27.8575,27.7035,27.8125,73575184.0
1415826000000,27.8125,27.855,27.8,27.8475,4407848.0
1415869200000,27.875,27.9825,27.875,27.9125,335912.0
1415883600000,27.9075,28.3625,27.62,28.27,125554880.0
1415898000000,28.27,28.3075,28.045,28.205,105087240.0
1415912400000,28.2025,28.245,28.0825,28.245,1339524.0
1415955600000,28.215,28.27,28.215,28.2475,232512.0
1415970000000,28.235,28.5025,28.0625,28.45,91832904.0
1415984400000,28.45,28.5475,28.3975,28.5475,72924784.0
1415998800000,28.545,28.6,28.5375,28.6,6325728.0
1416214800000,28.475,28.57,28.43,28.5375,473684.0
1416229200000,28.55,29.32,28.325,28.4363,113092544.0
1416560400000,29.1525,29.3725,29.1525,29.3025,583988.0
1416574800000,29.3025,29.42,29.0175,29.0693,105108916.0
1416589200000,29.0675,29.1625,29.0075,29.115,97151452.0
1416603600000,29.0875,29.1533,29.0675,29.0675,3380428.0
1416819600000,29.15,29.22,29.15,29.185,299416.0
1416834000000,29.19,29.4625,29.155,29.41,82585652.0
1416848400000,29.4148,29.6925,29.4025,29.6563,81531324.0
1416862800000,29.6563,29.7,29.6275,29.6925,1888896.0
1416906000000,29.6825,29.8625,29.6825,29.755,571176.0
1416920400000,29.7525,29.9375,29.48,29.77,116743292.0
1416934800000,29.7678,29.8125,29.3625,29.4,133418892.0
1416949200000,29.4,29.445,29.4,29.4325,8181084.0
1416992400000,29.5,29.555,29.455,29.465,317328.0
1417006800000,29.485,29.775,29.4525,29.595,82377640.0
1417021200000,29.5975,29.76,29.525,29.7475,67200184.0
1417035600000,29.745,29.7875,29.725,29.785,3204340.0
1417165200000,29.7875,29.855,29.7075,29.85,356456.0
1417179600000,29.85,29.8675,29.5125,29.725,64919388.0
1417194000000,29.725,29.7475,29.635,29.7325,30840352.0
1417208400000,29.705,29.7125,29.7025,29.71,4792.0
1417424400000,29.625,29.7625,29.6,29.645,173000.0
1417438800000,29.6575,29.8125,27.8175,28.8925,209873796.0
1417453200000,28.895,29.1175,28.6125,28.7675,114480160.0
1417467600000,28.76,28.775,28.7325,28.75,3030048.0
1417510800000,28.775,28.995,28.555,28.635,1062172.0
1417525200000,28.645,28.9375,28.1875,28.9,145268556.0
1417539600000,28.8975,28.9375,28.5875,28.655,81885056.0
1417554000000,28.6575,28.6925,28.58,28.625,4498588.0
1417597200000,28.6475,28.7625,28.51,28.5925,305068.0
1417611600000,28.6,29.0875,28.5375,28.915,90128124.0
1418029200000,28.6875,28.7075,28.5725,28.5925,374156.0
1418043600000,28.6025,28.67,28.2825,28.42,81277364.0
1418058000000,28.42,28.455,27.905,28.1025,130241312.0
1418072400000,28.1125,28.165,28.0638,28.16,3952412.0
1418115600000,28.0875,28.0875,27.675,27.7875,934324.0
1418130000000,27.7888,28.0025,27.3375,27.925,120428644.0
1418144400000,27.925,28.575,27.9025,28.5325,103291728.0
1418158800000,28.53,28.5625,27.9092,28.55,7271928.0
1418202000000,28.59,28.675,28.5525,28.6,417392.0
1418216400000,28.5975,28.7125,28.19,28.4025,74976276.0
1418230800000,28.4025,28.4025,27.885,27.99,93205620.0
1418245200000,27.9875,28.455,27.945,27.97,1751536.0
1418288400000,28.05,28.11,27.9375,28.085,275952.0
1418302800000,28.0825,28.45,27.97,28.3938,73694640.0
1418317200000,28.3925,28.4325,27.835,27.9075,80852992.0
1418331600000,27.905,27.9375,27.785,27.8325,1432492.0
1418374800000,27.7775,27.8275,27.63,27.7825,343320.0
1418389200000,27.79,27.9675,27.51,27.5575,91174112.0
1418403600000,27.5625,27.8525,27.395,27.43,114397596.0
1418418000000,27.445,27.6143,27.4125,27.4375,3643700.0
1418634000000,27.5,27.745,27.5,27.6425,321256.0
1418648400000,27.6275,27.9,26.5875,26.8925,134351288.0
1418662800000,26.8938,27.4625,26.8875,27.0575,118730056.0
1418677200000,27.055,27.135,26.995,27.0525,1191512.0
1418720400000,26.975,27.05,26.55,26.555,941068.0
1418734800000,26.555,27.54,26.525,27.31,118360548.0
1418749200000,27.3075,27.375,26.6625,26.685,104188936.0
1419238800000,28.0925,28.105,28.01,28.0275,164988.0
1419253200000,28.025,28.3725,27.9925,28.2462,68001316.0
1419267600000,28.245,28.2725,28.1,28.235,67305560.0
1419282000000,28.235,28.25,28.1525,28.1775,5236744.0
1419325200000,28.1875,28.3625,28.1875,28.27,137504.0
1419339600000,28.275,28.3525,28.13,28.1778,51334560.0
1419354000000,28.1788,28.225,28.115,28.135,42033984.0
1419368400000,28.135,28.1475,28.11,28.145,2690352.0
1419411600000,28.135,28.2175,28.125,28.19,34228.0
1419426000000,28.1875,28.21,28.0025,28.0425,30226148.0
1419440400000,28.0438,28.055,28.0025,28.0025,26723540.0
1419454800000,28.0075,28.0075,28.005,28.005,7420.0
1419584400000,28.0875,28.1075,28.0875,28.095,12512.0
1419598800000,28.09,28.3,28.0025,28.25,39812024.0
1419613200000,28.2475,28.63,28.2275,28.495,79742176.0
1419627600000,28.4975,28.535,28.0512,28.535,2225188.0
1419843600000,28.55,28.55,28.4125,28.425,196552.0
1419858000000,28.4375,28.6925,28.415,28.625,55278204.0
1419872400000,28.6263,28.6375,28.4375,28.48,46670476.0
1419886800000,28.4775,28.5125,28.4775,28.5125,705476.0
1419930000000,28.36,28.435,28.34,28.42,180396.0
1419944400000,28.4,28.48,28.16,28.31,44420644.0
1419958800000,28.31,28.3125,28.0275,28.145,65778988.0
1419973200000,28.13,28.15,28.1,28.1375,4137596.0
1420016400000,28.2225,28.2225,28.1875,28.2125,36240.0
1420030800000,28.2125,28.2825,27.9225,27.9775,48777476.0
1420045200000,27.9775,27.9825,27.5525,27.5975,100796404.0
1420059600000,27.615,27.7,27.595,27.675,6804024.0
1420189200000,27.75,27.825,27.725,27.7775,198360.0
1420203600000,27.7725,27.875,26.8375,27.194,123059376.0
1420218000000,27.1925,27.3975,27.1725,27.325,77926412.0
1420232400000,27.3325,27.335,27.25,27.2825,1846052.0
1420448400000,27.3225,27.3225,27.1375,27.2875,136668.0
1420462800000,27.29,27.3,26.6375,26.7183,103727496.0
1420477200000,26.7175,26.745,26.3525,26.5625,110284636.0
1420491600000,26.5625,26.7292,26.5625,26.59,3702900.0
1420534800000,26.5,26.805,26.4625,26.6875,208368.0
1420549200000,26.6975,26.8,26.1575,26.3225,111494996.0
1420563600000,26.3225,26.8575,26.2178,26.5575,143894832.0
1420578000000,26.565,26.6525,26.4568,26.645,2885888.0
1420621200000,26.6875,26.8225,26.6375,26.775,293896.0
1420635600000,26.765,27.05,26.6738,26.9891,83782656.0
1420650000000,26.99,27.025,26.8375,26.9375,68138968.0
1420664400000,26.9425,27.045,26.925,27.0375,2091540.0
1420707600000,27.0475,27.2875,27.0475,27.2475,396892.0
1420722000000,27.2375,27.8825,27.0625,27.8713,105466288.0
1420736400000,27.8713,28.0375,27.7275,27.9675,111728436.0
1420750800000,27.9725,28.1425,27.7667,28.0875,10436120.0
1420794000000,28.0975,28.1,27.955,27.9725,266804.0
1420808400000,27.975,28.3125,27.5525,27.785,116492960.0
1420822800000,27.785,28.165,27.7625,28.0,90500496.0
1420837200000,28.0075,28.0175,27.9531,27.9775,1598880.0
1421053200000,28.1,28.3,28.1,28.1275,214300.0
1421067600000,28.1325,28.175,27.34,27.5125,95322252.0
1421082000000,27.5125,27.615,27.2,27.315,96377640.0
1421096400000,27.3125,27.36,27.2925,27.33,2031540.0
1421139600000,27.435,27.7125,27.36,27.6925,863352.0
1421154000000,27.6925,28.2,27.605,27.9925,113353092.0
1421168400000,27.9948,28.0025,27.2275,27.5563,144202416.0
1421182800000,27.555,28.171,27.5375,27.575,2908952.0
1421226000000,27.5425,27.675,27.42,27.4625,224608.0
1421744400000,26.755,26.875,26.67,26.8675,414512.0
1421758800000,26.8675,27.0,26.625,26.7663,86863888.0
1421773200000,26.765,27.195,26.7325,27.1775,81602084.0
1421787600000,27.1725,27.31,27.0508,27.295,4850604.0
1421830800000,27.2975,27.2975,27.155,27.1825,256312.0
1421845200000,27.195,27.765,27.0675,27.64,101242516.0
1421859600000,27.64,27.675,27.3025,27.3875,83390000.0
1421874000000,27.3875,27.425,27.315,27.3475,2894524.0
1421917200000,27.46,27.5075,27.3,27.5,291196.0
1421931600000,27.5,27.9175,27.375,27.8875,94887192.0
1421946000000,27.8875,28.1175,27.7775,28.0975,81880240.0
1421960400000,28.095,28.1075,28.025,28.0525,8146128.0
1422003600000,28.1,28.15,28.0075,28.14,430864.0
1422018000000,28.1375,28.21,27.8825,28.2,72011796.0
1422032400000,28.2,28.4375,28.1288,28.2475,95965040.0
1422046800000,28.2475,28.26,28.2,28.235,10944640.0
1422262800000,28.1375,28.485,28.1375,28.485,690564.0
1422277200000,28.485,28.5907,28.2825,28.3968,95231380.0
1422291600000,28.3975,28.4525,28.2,28.2725,92724384.0
1422306000000,28.2675,28.434,28.225,28.37,3779152.0
1422349200000,28.4,28.4625,28.2,28.24,762836.0
1422363600000,28.24,28.42,27.4375,27.625,134133472.0
1422378000000,27.6225,27.9025,27.2575,27.2875,160764392.0
1422392400000,27.2825,29.115,27.2775,28.85,74941804.0
1422435600000,28.87,29.8125,28.87,29.5075,7786460.0
1422450000000,29.4875,29.81,28.575,29.18,344575748.0
1423040400000,29.5975,29.6575,29.53,29.59,137176.0
1423054800000,29.6,30.0875,29.4925,29.995,140524088.0
1423069200000,29.99,30.1275,29.8175,29.8875,129759376.0
1423083600000,29.88,29.9622,29.7363,29.83,3582484.0
1423126800000,29.84,29.98,29.81,29.9375,512444.0
1423141200000,29.95,30.0575,29.8375,29.9625,91638328.0
1423155600000,29.9625,30.0025,29.8125,29.985,71478700.0
1423170000000,29.975,29.99,29.93,29.9725,1924304.0
1423213200000,29.95,29.9925,29.9,29.9725,82072.0
1423227600000,29.965,30.0625,29.8625,30.06,63689556.0
1423242000000,30.058,30.0625,29.6125,29.7275,103606916.0
1423256400000,29.7275,29.985,29.69,29.7075,2242260.0
1423472400000,29.6875,29.6875,29.5,29.5925,187448.0
1423486800000,29.6075,29.8925,29.5025,29.8388,68427944.0
1423501200000,29.8388,29.96,29.7775,29.93,77564844.0
1423515600000,29.93,29.985,29.92,29.975,5512420.0
1423558800000,29.9125,30.105,29.9125,30.0575,272600.0
1423573200000,30.065,30.3175,29.9525,30.295,112423708.0
1423587600000,30.2963,30.5375,30.275,30.505,114195792.0
1423602000000,30.505,30.555,30.2184,30.555,9163384.0
1423645200000,30.505,30.63,30.495,30.5725,536940.0
1423659600000,30.5625,31.09,30.56,31.0725,134534752.0
1423674000000,31.0725,31.23,30.9125,31.2175,142509716.0
1423688400000,31.22,31.3125,30.8292,31.2975,4952352.0
1423731600000,31.375,31.6225,31.375,31.52,1172668.0
1423746000000,31.51,31.87,31.2,31.5407,182141128.0
1423760400000,31.542,31.6842,31.48,31.6075,101696336.0
1424336400000,32.1475,32.2375,32.075,32.1375,318808.0
1424350800000,32.15,32.2575,32.0825,32.1813,76645364.0
1424365200000,32.18,32.22,32.0825,32.115,66406024.0
1424379600000,32.1125,32.1425,32.075,32.125,1407448.0
1424422800000,32.18,32.2525,32.1325,32.19,330176.0
1424437200000,32.19,32.25,32.0125,32.1619,84772016.0
1424451600000,32.16,32.375,32.0775,32.375,98687608.0
1424466000000,32.3625,32.3775,32.3475,32.3775,3900236.0
1424682000000,32.47,32.545,32.405,32.4825,513060.0
1424696400000,32.4825,32.975,32.4025,32.9302,130891988.0
1424710800000,32.93,33.25,32.8775,33.2438,127063224.0
1424725200000,33.2375,33.2875,33.2275,33.2775,5199952.0
1424768400000,33.33,33.415,33.2275,33.25,954416.0
1424782800000,33.2525,33.4,32.7925,33.215,152138308.0
1424797200000,33.2175,33.27,32.915,33.045,116064096.0
1424811600000,33.0425,33.05,32.935,32.95,4133772.0
1424854800000,32.9675,33.05,32.85,32.8725,236196.0
1424869200000,32.8725,33.0125,32.565,32.7153,108092364.0
1424883600000,32.7153,32.85,32.0375,32.195,180918576.0
1424898000000,32.18,32.8572,32.15,32.16,4628444.0
1424941200000,32.15,32.345,32.15,32.3075,459872.0
1424955600000,32.3175,32.3725,31.6525,32.3316,163654068.0
1424970000000,32.33,32.7175,32.2125,32.6025,181586128.0
1424984400000,32.6038,32.6125,31.7618,32.5575,3019328.0
1425027600000,32.5975,32.6675,32.545,32.645,207636.0
1425042000000,32.6375,32.6425,32.1475,32.475,104910528.0
1425056400000,32.4775,32.5025,32.06,32.1175,108290628.0
1425632400000,31.5625,31.8675,31.5625,31.825,550284.0
1425646800000,31.815,32.4625,31.625,31.946,159088916.0
1425661200000,31.9473,32.0423,31.565,31.6475,117979228.0
1425675600000,31.65,31.9669,31.63,31.7625,3864440.0
1425877200000,32.0025,32.0025,31.9,31.955,32972.0
1425891600000,31.9725,32.025,31.8625,31.9625,2146288.0
1425906000000,31.9575,32.0575,31.7875,31.79,98402380.0
1425920400000,31.7925,32.3925,31.265,31.8375,246089232.0
1425934800000,31.8375,31.86,31.7525,31.77,581848.0
1425963600000,31.7625,32.0,31.6475,31.67,9600.0
1425978000000,31.68,31.72,31.4575,31.61,1920384.0
1425992400000,31.605,31.805,30.95,31.06,162083596.0
1426006800000,31.0625,31.4849,31.035,31.16,98307596.0
1426021200000,31.1575,31.18,31.035,31.18,1463240.0
1426050000000,30.875,31.255,30.875,31.2,31488.0
1426064400000,31.225,31.3,31.175,31.285,901524.0
1426078800000,31.285,31.2975,30.5275,30.9,179256396.0
1426093200000,30.9,30.965,30.5575,30.625,86834960.0
1426107600000,30.625,30.625,30.56,30.5775,479160.0
1426136400000,30.7475,30.8575,30.69,30.6975,12800.0
1426150800000,30.69,30.72,30.58,30.6375,1364608.0
1426165200000,30.6375,31.11,30.4075,31.015,112744508.0
1426179600000,31.0125,31.225,30.56,31.1375,65956384.0
1426194000000,31.1325,31.2125,31.12,31.2075,659148.0
1426222800000,31.2,31.2125,31.17,31.1875,21200.0
1426237200000,31.1925,31.3,31.0375,31.07,957668.0
1426251600000,31.0775,31.3488,30.73,30.84,120488504.0
1426266000000,30.8375,30.9125,30.645,30.91,78543816.0
1426280400000,30.9025,30.9025,30.8475,30.865,378900.0
1426482000000,30.9075,31.0125,30.9075,31.0,33480.0
1426496400000,31.02,31.0425,30.8375,30.8775,885240.0
1426510800000,30.8775,31.125,30.7175,31.0338,77864100.0
1426525200000,31.035,31.2375,30.9875,31.1575,50765988.0
1427097600000,31.595,31.71,31.575,31.7,281576.0
1427112000000,31.69,31.8625,31.625,31.815,68076156.0
1427126400000,31.815,31.9625,31.7525,31.8025,62456196.0
1427140800000,31.81,31.835,31.75,31.82,9024252.0
1427184000000,31.805,31.935,31.805,31.8875,111444.0
1427198400000,31.8875,32.01,31.64,31.9025,65035332.0
1427212800000,31.9,31.9363,31.655,31.6725,57878364.0
1427227200000,31.6725,31.7275,31.665,31.7125,1479460.0
1427270400000,31.75,31.785,31.25,31.45,319168.0
1427284800000,31.4525,31.76,31.2,31.2775,88519840.0
1427299200000,31.2775,31.2925,30.8475,30.8475,105738984.0
1427313600000,30.86,31.5261,30.845,30.9125,4527788.0
1427356800000,30.7375,30.7375,30.2,30.5125,1249248.0
1427371200000,30.51,31.205,30.3875,31.1913,102617436.0
1427385600000,31.195,31.22,30.9525,31.0625,74996324.0
1427400000000,31.0675,31.13,31.045,31.125,2328212.0
1427443200000,31.0875,31.2,31.0875,31.145,167212.0
1427457600000,31.145,31.1875,30.85,30.9325,66762840.0
1427472000000,30.9275,30.93,30.7275,30.81,80133256.0
1427486400000,30.79,30.835,30.7625,30.775,3713288.0
1427702400000,30.7725,31.1575,30.7725,31.075,500184.0
1427716800000,31.0625,31.405,31.0,31.265,104092896.0
1427731200000,31.265,31.6,31.255,31.5825,74740732.0
1427745600000,31.585,31.62,31.5625,31.6125,1978012.0
1427788800000,31.5875,31.6,31.3775,31.45,208968.0
1427803200000,31.4475,31.6225,31.2325,31.2675,77765400.0
1427817600000,31.2675,31.38,31.0888,31.1125,72258660.0
1427832000000,31.1125,31.175,31.1075,31.1325,5473972.0
1427875200000,31.075,31.175,31.0175,31.06,216532.0
1428307200000,31.2825,31.305,31.0925,31.15,195056.0
1428321600000,31.1575,31.7975,31.0825,31.7835,78528168.0
1428336000000,31.7825,31.8775,31.735,31.835,62041140.0
1428350400000,31.8375,31.8875,31.674,31.8625,1890356.0
1428393600000,31.93,32.03,31.825,31.985,462820.0
1428408000000,31.98,32.04,31.725,31.755,69047832.0
1428422400000,31.7558,31.82,31.495,31.5013,59923344.0
1428436800000,31.5025,31.8375,31.4125,31.435,1741108.0
1428480000000,32.5,32.5,31.2775,31.45,546140.0
1428494400000,31.44,31.6,31.2425,31.42,75988864.0
1428508800000,31.4225,31.5275,31.2963,31.4,66613668.0
1428523200000,31.4025,31.4725,31.3862,31.45,1606724.0
1428566400000,31.4125,31.5525,31.355,31.5275,168800.0
1428580800000,31.5375,31.57,31.165,31.32,62286020.0
1428595200000,31.3225,31.645,31.285,31.64,58447692.0
1428609600000,31.635,31.7125,31.6125,31.675,2653796.0
1428652800000,31.5625,31.5975,31.2625,31.4775,877916.0
1428667200000,31.5,31.7225,31.315,31.5937,81535424.0
1428681600000,31.595,31.8025,31.5375,31.775,71700044.0
1428696000000,31.78,31.795,31.755,31.7725,2305296.0
1428912000000,31.775,31.925,31.745,31.9125,399340.0
1428926400000,31.905,32.1425,31.8125,31.8625,73985396.0
1428940800000,31.8613,31.8925,31.6525,31.7125,64529836.0
1428955200000,31.72,31.7625,31.6975,31.7375,1792612.0
1428998400000,31.8375,31.8675,31.6775,31.75,148808.0
1429012800000,31.75,31.825,31.4775,31.5625,52527508.0
1429027200000,31.5625,31.6875,31.5287,31.575,43532028.0
1429041600000,31.575,31.6,31.5375,31.5925,1273988.0
1429084800000,31.68,31.75,31.63,31.645,84568.0
1429516800000,31.375,31.4675,31.315,31.3425,358664.0
1429531200000,31.3475,31.9025,31.2925,31.894,91955636.0
1429545600000,31.895,32.03,31.8275,31.8975,82657720.0
1429560000000,31.8925,31.935,31.8775,31.925,2869816.0
1429603200000,32.0,32.2,32.0,32.015,376604.0
1429617600000,32.0125,32.0625,31.6675,31.7409,71547544.0
1429632000000,31.74,31.875,31.6875,31.7225,53465308.0
1429646400000,31.7275,31.7338,31.6775,31.725,1240700.0
1429689600000,31.745,31.745,31.55,31.705,220080.0
1429704000000,31.7,31.8183,31.5525,31.8025,53408388.0
1429718400000,31.805,32.2175,31.755,32.1575,82545204.0
1429732800000,32.155,32.16,32.0025,32.1125,4112028.0
1429776000000,32.0025,32.0925,31.93,32.0675,211672.0
1429790400000,32.075,32.445,32.035,32.3752,82020152.0
1429804800000,32.3746,32.605,32.3375,32.42,89590128.0
1429819200000,32.42,32.5675,32.4125,32.52,3367392.0
1429862400000,32.625,32.635,32.5,32.5625,338904.0
1429876800000,32.5625,32.6625,32.3075,32.455,86171680.0
1429891200000,32.455,32.59,32.4175,32.57,75556836.0
1429905600000,32.5725,32.64,32.5625,32.64,5179752.0
1430121600000,32.745,32.93,32.7,32.9,1262860.0
1430136000000,32.8975,33.2825,32.625,33.1413,126007424.0
1430150400000,33.1413,33.23,32.7875,33.1725,175342108.0
1430164800000,33.17,34.0,32.4775,33.605,54366868.0
1430208000000,33.6375,34.05,33.5,33.9275,4075200.0
1430222400000,33.9125,34.045,32.3925,33.15,296213300.0
1430812800000,32.2,32.275,32.05,32.0675,299908.0
1430827200000,32.08,32.2325,31.555,31.6425,86102344.0
1430841600000,31.64,31.7375,31.445,31.4525,94998768.0
1430856000000,31.4525,31.9345,31.45,31.4625,2661452.0
1430899200000,31.495,31.7,31.4625,31.6875,657208.0
1430913600000,31.6825,31.7275,30.84,31.295,158017520.0
1430928000000,31.295,31.2975,30.905,31.2713,123094532.0
1430942400000,31.2525,31.3611,31.1499,31.3125,2678352.0
1430985600000,31.995,31.995,30.815,31.1475,552224.0
1431000000000,31.1475,31.4,30.91,31.295,84735016.0
1431014400000,31.29,31.52,31.2681,31.3125,76919652.0
1431028800000,31.3175,31.355,31.3,31.335,4232336.0
1431072000000,31.505,31.575,31.375,31.4375,212296.0
1431086400000,31.44,31.8775,31.38,31.835,118100800.0
1431100800000,31.835,31.905,31.7575,31.9,80428396.0
1431115200000,31.8975,31.935,31.7911,31.86,2201964.0
1431331200000,31.885,31.9575,31.8175,31.85,120308.0
1431345600000,31.85,31.9,31.4063,31.68,83312700.0
1431360000000,31.68,31.74,31.545,31.58,64226240.0
1431374400000,31.58,31.6477,31.5475,31.5848,5149688.0
1431417600000,31.535,31.535,31.2775,31.4,378716.0
1431432000000,31.4,31.6225,31.205,31.5625,92551948.0
1431446400000,31.5625,31.72,31.4425,31.465,75486996.0
1431460800000,31.4675,31.5834,31.1897,31.51,8738864.0
1431504000000,31.625,31.65,31.4975,31.5625,251128.0
1431518400000,31.5625,31.7975,31.495,31.6516,72958232.0
1431532800000,31.6525,31.7025,31.4675,31.5,58097660.0
1431547200000,31.5025,31.525,31.4625,31.4925,2736572.0
1431590400000,29.0,31.725,29.0,31.7175,468820.0
1432108800000,32.575,32.6225,32.5375,32.575,114732.0
1432123200000,32.575,32.6,32.335,32.4901,55437624.0
1432137600000,32.4925,32.745,32.4275,32.5175,73955264.0
1432152000000,32.515,32.53,32.43,32.445,2330840.0
1432195200000,32.3975,32.5225,32.3975,32.495,149856.0
1432209600000,32.5075,32.8475,32.4575,32.822,75524316.0
1432224000000,32.82,32.9075,32.7575,32.85,72398204.0
1432238400000,32.8575,32.9625,32.7108,32.945,1352184.0
1432281600000,32.8775,32.975,32.87,32.9725,315012.0
1432296000000,32.97,33.225,32.85,33.1075,95242808.0
1432310400000,33.11,33.2425,33.085,33.1425,75327576.0
1432324800000,33.1575,33.2075,33.1159,33.1925,2816144.0
1432627200000,33.125,33.16,32.94,33.1325,256288.0
1432641600000,33.1475,33.2275,32.5653,32.6602,114705112.0
1432656000000,32.66,32.6825,32.28,32.4075,127887156.0
1432670400000,32.41,33.15,32.395,32.4375,5844036.0
1432713600000,32.4625,32.51,32.445,32.47,220136.0
1432728000000,32.47,32.9775,32.47,32.9628,88280400.0
1432742400000,32.965,33.065,32.8862,33.0025,77536004.0
1432756800000,33.015,33.015,32.6783,32.975,2596336.0
1432800000000,33.25,33.25,32.875,32.905,175308.0
1432814400000,32.925,32.9875,32.77,32.86,63845496.0
1432828800000,32.8625,32.9875,32.84,32.9425,48223160.0
1432843200000,32.94,32.9875,32.8703,32.97,5016540.0
1432886400000,32.8575,32.97,32.7825,32.93,162400.0
1432900800000,32.9275,32.945,32.475,32.661,80497116.0
1432915200000,32.6625,32.815,32.5575,32.58,80227648.0
1432929600000,32.565,32.66,32.5575,32.6325,7567020.0
1433145600000,32.5,32.775,32.5,32.765,198884.0
1433160000000,32.75,32.865,32.5125,32.5913,67052104.0
1433404800000,32.515,32.515,32.27,32.3925,252108.0
1433419200000,32.395,32.645,32.3325,32.405,65339604.0
1433433600000,32.4063,32.4725,32.2275,32.365,79902608.0
1433448000000,32.34,32.4406,32.335,32.335,3033272.0
1433491200000,32.4075,32.45,32.2825,32.365,116604.0
1433505600000,32.365,32.4775,32.09,32.1825,69595592.0
1433520000000,32.18,32.2375,32.0975,32.1625,63851740.0
1433534400000,32.1625,32.2299,32.125,32.17,1564892.0
1433750400000,32.25,32.275,32.17,32.255,208732.0
1433764800000,32.2575,32.3025,31.975,32.03,74846808.0
1433779200000,32.03,32.135,31.7075,31.94,123702148.0
1433793600000,31.95,31.97,31.9375,31.9425,1026888.0
1433836800000,32.025,32.045,31.7825,31.905,249884.0
1433851200000,31.91,31.98,31.405,31.635,115076336.0
1433865600000,31.6325,32.02,31.57,31.8525,98138420.0
1433880000000,31.8545,31.8875,31.3587,31.8873,1716692.0
1433923200000,32.0,32.075,31.9175,32.0,239512.0
1433937600000,32.0,32.2725,31.94,32.2323,74402232.0
1433952000000,32.23,32.335,32.165,32.2175,70999204.0
1433966400000,32.22,32.25,32.21,32.23,2018036.0
1434009600000,32.2825,32.3275,32.25,32.3275,100240.0
1434024000000,32.3225,32.545,32.275,32.325,65323324.0
1434038400000,32.325,32.365,32.1188,32.15,58725168.0
1434052800000,32.1675,32.2125,32.1475,32.17,1401704.0
1434096000000,32.1875,32.1975,32.0375,32.075,131128.0
1434110400000,32.09,32.125,31.8475,31.9025,65463772.0
1434124800000,31.9025,31.9475,31.7775,31.79,65373372.0
1434139200000,31.79,31.8125,31.7875,31.8075,4293888.0
1434355200000,31.75,31.75,31.555,31.5675,337196.0
1434369600000,31.575,31.74,31.4275,31.7075,81196628.0
1434700800000,32.0,32.0375,32.0,32.02,64420.0
1434715200000,32.0275,32.04,31.7,31.7175,93009564.0
1434729600000,31.7125,31.79,31.6,31.605,72717556.0
1434744000000,31.605,31.68,31.605,31.655,23362180.0
1434960000000,31.845,31.985,31.845,31.8875,506872.0
1434974400000,31.8875,32.015,31.805,31.9925,63779692.0
1434988800000,31.9925,32.0,31.77,31.9025,51149640.0
1435003200000,31.9025,31.9525,31.8175,31.895,4822672.0
1435046400000,31.96,31.965,31.865,31.915,61960.0
1435060800000,31.9225,31.925,31.7198,31.8,61625100.0
1435075200000,31.8,31.85,31.7525,31.755,45089804.0
1435089600000,31.7575,31.7906,31.7325,31.7375,1220448.0
1435132800000,31.75,31.7875,31.6575,31.7,112916.0
1435147200000,31.6975,32.45,31.675,32.31,117532588.0
1435161600000,32.3125,32.3525,31.9925,32.04,94032676.0
1435176000000,32.0375,32.2905,32.0275,32.105,2020756.0
1435219200000,32.105,32.2125,32.105,32.1875,203104.0
1435233600000,32.1925,32.3,31.95,32.1825,52717512.0
1435248000000,32.1825,32.185,31.875,31.8775,60523056.0
1435262400000,31.885,32.1995,31.8625,31.875,3601624.0
1435305600000,31.94,31.9725,31.9,31.9375,192180.0
1435320000000,31.935,31.9975,31.6925,31.7282,60075512.0
1435334400000,31.7298,31.7725,31.6275,31.695,65032460.0
1435348800000,31.7,31.7475,31.6875,31.695,13960540.0
1435564800000,31.125,31.4125,31.125,31.4125,900260.0
1435579200000,31.405,31.6175,31.23,31.4253,83337880.0
1435593600000,31.425,31.4475,31.12,31.145,104242912.0
1435608000000,31.1325,31.3408,31.125,31.2,2971748.0
1435651200000,31.275,31.4225,31.2375,31.365,497468.0
1435665600000,31.365,31.4575,31.215,31.375,76887968.0
1436169600000,31.25,31.4275,31.25,31.3125,516948.0
1436184000000,31.325,31.5575,31.205,31.4375,58246872.0
1436198400000,31.4375,31.5,31.3423,31.4975,48352224.0
1436212800000,31.5,31.6,31.495,31.5875,1472896.0
1436256000000,31.61,31.7475,31.4875,31.4875,171084.0
1436270400000,31.4875,31.595,30.9425,31.1307,87685584.0
1436284800000,31.1325,31.4375,31.04,31.4225,92422896.0
1436299200000,31.4225,31.435,31.225,31.345,3077584.0
1436342400000,31.3175,31.3175,31.0,31.205,340512.0
1436356800000,31.2025,31.3125,30.7525,30.81,128861716.0
1436371200000,30.8125,30.99,30.635,30.6475,106742864.0
1436385600000,30.665,30.862,30.625,30.6525,2539040.0
1436428800000,30.86,31.0925,30.86,30.9875,677916.0
1436443200000,30.995,31.05,30.6525,30.725,90493964.0
1436457600000,30.7275,30.77,29.805,30.0075,214526120.0
1436472000000,30.0075,30.9409,29.9775,30.2625,4852776.0
1436515200000,30.165,30.5,30.165,30.395,684860.0
1436529600000,30.385,30.8175,30.3025,30.7725,138559392.0
1436544000000,30.7725,30.9625,30.6,30.815,93162192.0
1436558400000,30.82,30.8575,30.66,30.83,2841240.0
1436774400000,31.25,31.2625,30.825,31.2,608012.0
1436788800000,31.215,31.31,31.08,31.3,71699248.0
1436803200000,31.295,31.4388,31.1375,31.4125,56655096.0
1436817600000,31.41,31.4675,31.1607,31.4675,1877516.0
1436860800000,31.49,31.49,31.4,31.4125,112732.0
1436875200000,31.415,31.5375,31.26,31.47,59024064.0
1436889600000,31.4725,31.5925,31.39,31.4025,57681612.0
1436904000000,31.4075,31.425,31.3634,31.41,4067732.0
1436947200000,31.4825,31.5875,31.4075,31.5,91936.0
1437379200000,32.5,32.92,32.5,32.9125,1008032.0
1437393600000,32.92,33.0375,32.6375,33.025,108619712.0
1437408000000,33.0231,33.2425,32.955,33.0175,100713424.0
1437422400000,33.0175,33.17,32.9975,33.13,19583612.0
1437465600000,33.1875,33.32,33.1825,33.2625,961576.0
1437480000000,33.26,33.3175,32.58,32.7725,112877284.0
1437494400000,32.7746,32.91,32.635,32.6675,109012652.0
1437508800000,32.695,33.0875,29.8,30.45,74863056.0
1437552000000,30.425,31.23,30.425,30.61,5081604.0
1437566400000,30.61,31.235,30.28,30.97,292445772.0
1437580800000,30.97,31.375,30.96,31.305,143080896.0
1437595200000,31.31,31.4375,31.28,31.4225,4268768.0
1437638400000,31.45,31.5375,31.225,31.4725,511768.0
1437652800000,31.4625,31.7725,31.4,31.5975,106736672.0
1437667200000,31.6,31.61,31.265,31.29,84969444.0
1437681600000,31.29,31.539,31.275,31.3625,4411100.0
1437724800000,31.3625,31.4125,31.325,31.3375,255188.0
1437739200000,31.345,31.435,31.15,31.2825,66640420.0
1437753600000,31.2825,31.2838,30.975,31.125,90111484.0
1437768000000,31.125,31.3156,31.12,31.1325,1826508.0
1437984000000,31.125,31.15,30.6875,30.775,825112.0
1437998400000,30.765,30.9025,30.53,30.7538,93078664.0
1438012800000,30.755,30.8288,30.615,30.725,69380464.0
1438027200000,30.6925,30.775,30.625,30.7193,3772720.0
1438070400000,30.8675,31.075,30.8675,30.9025,244596.0
1438588800000,30.3475,30.4225,30.25,30.41,247340.0
1438603200000,30.4,30.6425,30.0825,30.1225,84455628.0
1438617600000,30.125,30.15,29.38,29.6125,185748592.0
1438632000000,29.615,30.3125,29.3875,29.44,3129644.0
1438675200000,29.375,29.5375,29.31,29.3525,1073520.0
1438689600000,29.35,29.5125,28.3125,28.7825,300404288.0
1438704000000,28.7814,29.415,28.5375,28.6575,182054644.0
1438718400000,28.6608,28.7662,28.445,28.45,5648824.0
1438761600000,28.625,29.3775,28.2,28.4625,1766380.0
1438776000000,28.465,29.36,28.025,29.1663,242870108.0
1438790400000,29.165,29.19,28.655,28.8475,144093120.0
1438804800000,28.84,29.138,28.5124,28.925,3659980.0
1438848000000,28.8875,28.9275,28.84,28.885,338096.0
1438862400000,28.8775,29.125,28.5288,28.65,113927256.0
1438876800000,28.6525,28.95,28.5725,28.785,88767132.0
1438891200000,28.7825,28.8189,28.715,28.775,2316140.0
1438934400000,28.7875,28.82,28.7075,28.7125,97872.0
1438948800000,28.7125,29.0625,28.625,28.8,83207040.0
1438963200000,28.8,28.9025,28.675,28.885,65511760.0
1438977600000,28.88,28.895,28.7388,28.88,1788804.0
1439193600000,28.9175,29.1,28.9175,29.0525,343620.0
1439208000000,29.0625,29.8025,29.0325,29.7591,107925544.0
1439222400000,29.7569,29.9975,29.7225,29.93,100386168.0
1439236800000,29.93,29.94,29.7225,29.9225,3840988.0
1439280000000,29.83,29.86,29.475,29.5125,966628.0
1439294400000,29.505,29.7425,28.85,28.875,137784884.0
1439308800000,28.8725,28.89,28.3325,28.3875,233875588.0
1439884800000,29.205,29.285,29.085,29.1125,168508.0
1439899200000,29.1125,29.325,29.0025,29.275,71241580.0
1439913600000,29.2725,29.36,29.0775,29.125,60693632.0
1439928000000,29.125,29.185,29.1175,29.1425,1425796.0
1439971200000,29.1225,29.14,29.0,29.125,161932.0
1439985600000,29.125,29.1425,28.67,28.737,83404456.0
1440000000000,28.7362,29.0775,28.68,28.755,95891464.0
1440014400000,28.7525,28.7675,28.7025,28.7025,5980980.0
1440057600000,28.6775,28.6775,28.5325,28.575,439624.0
1440072000000,28.5825,28.605,27.9075,28.1475,132630880.0
1440086400000,28.1475,28.3088,28.055,28.1625,126413432.0
1440100800000,28.1625,28.5625,28.0,28.0775,3941296.0
1440144000000,28.0,28.015,27.8125,27.85,707448.0
1440158400000,27.8375,27.975,26.9375,27.1744,221630560.0
1440172800000,27.1725,27.2175,26.4113,26.4425,257946696.0
1440187200000,26.4775,27.2125,26.4375,26.475,11386400.0
1440403200000,26.36,26.36,24.94,25.0,6365264.0
1440417600000,25.0,27.055,23.0,26.95,359252184.0
1440432000000,26.9525,27.2,25.0625,25.7825,257640316.0
1440446400000,25.7675,26.3025,24.9174,26.0625,6356220.0
1440489600000,26.4575,27.5575,26.4575,27.285,2737028.0
1440504000000,27.285,27.7775,26.8325,27.2325,195268204.0
1440518400000,27.2325,27.7675,25.875,25.9375,188100196.0
1440532800000,25.9275,27.2638,25.525,25.545,8499004.0
1440576000000,26.2625,26.76,26.25,26.6575,953184.0
1441180800000,27.0925,27.4975,27.0925,27.3275,863320.0
1441195200000,27.25,27.66,27.225,27.4983,103543616.0
1441209600000,27.5,28.0825,27.3625,28.0825,120075680.0
1441224000000,28.085,28.1975,27.4547,28.15,12652156.0
1441267200000,28.1475,28.375,28.1475,28.2,638456.0
1441281600000,28.1875,28.2875,27.82,27.925,95175216.0
1441296000000,27.9225,27.9825,27.51,27.585,108207104.0
1441310400000,27.5925,28.0136,27.5125,27.5875,3159944.0
1441353600000,27.5025,27.5025,27.2525,27.4,295008.0
1441368000000,27.41,27.6125,27.1625,27.302,90485876.0
1441382400000,27.3,27.44,27.1275,27.2925,98161812.0
1441396800000,27.3,27.35,27.2525,27.2625,1984720.0
1441699200000,27.97,28.0625,27.8125,27.8125,624584.0
1441713600000,27.8375,28.14,27.715,27.87,89406172.0
1441728000000,27.87,28.0775,27.58,28.0775,108661092.0
1441742400000,28.0775,28.165,27.8877,28.1475,5528380.0
1441785600000,28.1675,28.53,28.1675,28.425,723980.0
1441800000000,28.4375,28.475,27.925,28.1375,100724112.0
1441814400000,28.1425,28.505,27.4425,27.5364,227687388.0
1441828800000,27.5375,28.1571,27.445,27.4625,5650552.0
1441872000000,27.7125,27.87,27.465,27.525,770700.0
1441886400000,27.535,28.1775,27.42,28.105,127777012.0
1441900800000,28.11,28.3206,27.9875,28.1475,113387832.0
1441915200000,28.1425,28.1625,27.7152,28.1125,2300060.0
1441958400000,28.045,28.045,27.9375,27.9825,170688.0
1441972800000,27.9775,28.15,27.92,28.13,72181292.0
1442476800000,29.05,29.0975,28.89,28.9,353464.0
1442491200000,28.9,29.0125,28.7691,28.885,64144732.0
1442505600000,28.8863,29.1225,28.4288,28.4825,176706496.0
1442520000000,28.485,28.55,28.475,28.53,3691332.0
1442563200000,28.525,28.575,28.2025,28.24,438028.0
1442577600000,28.2475,28.575,27.955,28.5075,134896988.0
1442592000000,28.51,28.525,28.3238,28.3725,102017324.0
1442606400000,28.3625,28.4125,28.3125,28.3625,16170960.0
1442822400000,28.3725,28.625,28.2775,28.5875,329712.0
1442836800000,28.5975,28.75,28.41,28.57,72552828.0
1442851200000,28.575,28.8425,28.43,28.805,99386516.0
1442865600000,28.8025,28.875,28.8025,28.8375,8401840.0
1442908800000,28.525,28.625,28.315,28.5725,459284.0
1442923200000,28.3693,28.575,28.19,28.255,87954456.0
1442937600000,28.2547,28.3875,28.13,28.3425,92098080.0
1442952000000,28.355,28.4541,28.2575,28.275,1655656.0
1442995200000,27.775,28.5125,27.775,28.45,292548.0
1443009600000,28.455,28.58,28.325,28.385,61060508.0
1443024000000,28.385,28.68,28.335,28.585,76096560.0
1443038400000,28.58,28.62,28.5375,28.585,1086652.0
1443081600000,28.5075,28.66,28.21,28.28,285928.0
1443096000000,28.2975,28.47,28.0925,28.2998,77838988.0
1443110400000,28.2988,28.875,28.2675,28.75,103211812.0
1443124800000,28.75,28.87,28.3213,28.86,2801288.0
1443168000000,28.935,29.1225,28.935,29.075,617716.0
1443182400000,29.1,29.1725,28.8,28.8525,87187376.0
1443196800000,28.8547,29.0,28.505,28.6875,123641560.0
1443211200000,28.6775,28.7025,28.5,28.68,2612140.0
1443427200000,28.6775,28.7625,28.47,28.515,189444.0
1443772800000,27.4875,27.6125,27.4875,27.5275,286456.0
1443787200000,27.54,27.595,26.8875,27.26,97739812.0
1443801600000,27.2575,27.7534,27.255,27.57,122427732.0
1443816000000,27.575,27.6,27.5525,27.6,1959516.0
1444032000000,27.675,27.775,27.465,27.5,709360.0
1444046400000,27.5,27.72,27.2675,27.4275,93965960.0
1444060800000,27.4275,27.8425,27.3788,27.66,101429396.0
1444075200000,27.69,27.695,27.425,27.59,2029156.0
1444118400000,27.5825,27.585,27.4425,27.535,189276.0
1444132800000,27.525,27.8725,27.4413,27.7325,94500524.0
1444147200000,27.7323,27.935,27.67,27.8325,89622008.0
1444161600000,27.795,27.875,27.5125,27.6425,4498900.0
1444204800000,27.8325,27.975,27.7575,27.935,470336.0
1444219200000,27.9325,28.0375,27.3525,27.52,95517624.0
1444233600000,27.52,27.9388,27.3525,27.6925,86366984.0
1444248000000,27.665,27.7025,27.66,27.7025,1229212.0
1444291200000,27.5275,27.6725,27.5125,27.65,116076.0
1444305600000,27.635,27.67,27.1125,27.23,110499920.0
1444320000000,27.23,27.535,27.0525,27.375,125250700.0
1444334400000,27.3675,27.375,27.262,27.3625,1470636.0
1444377600000,27.35,27.5175,27.35,27.47,113392.0
1444392000000,27.4675,27.995,27.3725,27.9175,105577536.0
1444406400000,27.9175,28.07,27.8075,28.03,93656120.0
1444420800000,28.015,28.065,27.8,28.0,4880992.0
1444636800000,28.03,28.2925,28.03,28.18,766392.0
1444651200000,28.18,28.25,27.915,27.9525,62314916.0
1444665600000,27.9525,28.01,27.86,27.895,52839592.0
1444680000000,27.89,27.925,27.8525,27.9125,1325328.0
1444723200000,27.7625,27.7825,27.675,27.745,100000.0
1444737600000,27.75,28.1125,27.67,27.9575,65885988.0
1445241600000,27.8225,27.825,27.7175,27.775,105100.0
1445256000000,27.775,27.895,27.5275,27.7975,53589272.0
1445270400000,27.795,27.9375,27.5348,27.9325,56411956.0
1445284800000,27.925,27.9325,27.8875,27.9025,1245432.0
1445328000000,27.8325,27.9,27.805,27.8925,42396.0
1445342400000,27.8825,28.4825,27.685,28.4125,109599056.0
1445356800000,28.4078,28.5425,28.35,28.45,78211912.0
1445371200000,28.4425,28.4625,28.3425,28.385,2194440.0
1445414400000,28.4275,28.525,28.4275,28.4325,89852.0
1445428800000,28.4175,28.7849,28.3575,28.7805,71865632.0
1445443200000,28.78,28.895,28.4325,28.44,88538024.0
1445457600000,28.4575,28.4625,28.4,28.4375,707016.0
1445500800000,28.525,28.5475,28.4725,28.495,55524.0
1445515200000,28.49,28.7975,28.3875,28.6775,70777132.0
1445529600000,28.68,28.875,28.635,28.8725,83656440.0
1445544000000,28.87,29.1375,28.84,29.125,3977920.0
1445587200000,29.0,29.3425,28.9575,29.225,921088.0
1445601600000,29.225,29.6825,29.04,29.55,124602876.0
1445616000000,29.5525,29.807,29.52,29.7725,97686876.0
1445630400000,29.77,29.7925,29.5775,29.7925,4171572.0
1445846400000,29.755,29.755,29.3725,29.4975,1147312.0
1445860800000,29.4975,29.625,28.775,28.795,148589520.0
1445875200000,28.7974,28.9775,28.73,28.8175,105004284.0
1445889600000,28.8,28.9442,28.775,28.8,1923092.0
1445932800000,28.7975,28.9875,28.6075,28.9875,281776.0
1445947200000,28.98,29.135,28.7,28.92,89311564.0
1445961600000,28.9175,28.94,28.4975,28.645,128599536.0
1445976000000,28.635,29.5825,27.7025,28.8125,50888688.0
1446451200000,29.815,29.91,29.8125,29.875,103264.0
1446465600000,29.875,30.2375,29.8475,30.2337,48136488.0
1446480000000,30.235,30.2625,30.16,30.2275,50151784.0
1446494400000,30.2275,30.34,30.2025,30.265,25841264.0
1446508800000,30.265,30.3125,30.2625,30.3125,80264.0
1446537600000,30.25,30.25,30.15,30.1625,67400.0
1446552000000,30.175,30.7025,30.0825,30.6325,63232804.0
1446566400000,30.6342,30.8725,30.55,30.835,73370708.0
1446580800000,30.8325,30.8475,30.585,30.62,34665392.0
1446595200000,30.615,30.63,30.6025,30.63,81376.0
1446624000000,30.675,30.7875,30.675,30.7775,52392.0
1446638400000,30.7725,30.955,30.49,30.525,68435976.0
1446652800000,30.5275,30.7075,30.4425,30.5475,74293300.0
1446667200000,30.5475,30.6673,30.405,30.5475,29468436.0
1446681600000,30.54,30.5625,30.525,30.5625,131296.0
1446710400000,30.4575,30.5225,30.3625,30.49,114512.0
1446724800000,30.4825,30.6725,30.195,30.2775,63475028.0
1446739200000,30.275,30.3225,30.045,30.11,62005136.0
1446753600000,30.11,30.3725,30.0775,30.3375,25957272.0
1446768000000,30.3375,30.3425,30.3275,30.3275,58800.0
1446796800000,30.315,30.3325,30.25,30.3175,53360.0
1446811200000,30.3175,30.4525,30.155,30.369,49817560.0
1446825600000,30.3725,30.435,30.175,30.2248,57353072.0
1446840000000,30.2225,30.3075,30.1875,30.2575,19941240.0
1446854400000,30.25,30.265,30.24,30.265,53688.0
1447056000000,30.255,30.255,30.1375,30.1475,23764.0
1447070400000,30.1625,30.4525,30.1225,30.3,45341460.0
1447084800000,30.3,30.3175,30.0125,30.0638,50244120.0
1447099200000,30.0625,30.2325,29.925,30.095,24576272.0
1447113600000,30.07,30.1175,30.07,30.1025,74264.0
1447142400000,30.1125,30.1125,29.8625,29.895,216572.0
1447156800000,29.91,30.075,29.14,29.4539,89466212.0
1447171200000,29.4525,29.5175,29.0153,29.1875,97384220.0
1447185600000,29.1875,29.265,29.0374,29.1,39762904.0
1447200000000,29.1075,29.1175,29.085,29.085,109116.0
1447228800000,29.1,29.175,29.085,29.135,83108.0
1447243200000,29.135,29.17,28.8025,28.8775,70701116.0
1447664400000,27.97,28.1475,27.9625,27.965,332328.0
1447678800000,27.965,28.3925,27.4975,28.215,74374896.0
1447693200000,28.22,28.56,28.21,28.545,65267480.0
1447707600000,28.545,28.5475,28.1625,28.5125,2089024.0
1447750800000,28.5225,28.7725,28.5225,28.7,219028.0
1447765200000,28.71,28.7975,28.4175,28.5975,54306780.0
1447779600000,28.5975,28.6725,28.33,28.4175,50182032.0
1447794000000,28.4225,28.4625,28.33,28.4325,1343588.0
1447837200000,28.445,28.9025,28.445,28.9,915016.0
1447851600000,28.9,29.3725,28.65,29.225,95449028.0
1447866000000,29.2225,29.36,29.0525,29.3204,79869256.0
1447880400000,29.3175,29.375,29.243,29.375,2600280.0
1447923600000,29.45,29.535,29.2525,29.305,745508.0
1447938000000,29.305,29.7575,29.19,29.6975,82414704.0
1447952400000,29.6975,29.9375,29.375,29.695,81058656.0
1447966800000,29.6925,29.7225,29.375,29.6175,4512584.0
1448010000000,29.7,29.77,29.6675,29.725,71536.0
1448024400000,29.725,29.98,29.665,29.79,69542292.0
1448038800000,29.79,29.9125,29.725,29.825,57384428.0
1448053200000,29.8275,29.8761,29.81,29.8625,2759452.0
1448269200000,29.825,29.945,29.6275,29.9075,107252.0
1448283600000,29.905,29.95,29.5288,29.5576,53958360.0
1448298000000,29.5588,29.6075,29.335,29.4375,59094284.0
1448312400000,29.4375,29.882,29.4075,29.42,6202112.0
1448355600000,29.325,29.345,29.185,29.27,161428.0
1448370000000,29.2625,29.8375,29.24,29.7575,86072696.0
1448384400000,29.76,29.79,29.5903,29.7275,57276604.0
1448398800000,29.72,29.72,29.6625,29.6625,4784180.0
1448442000000,29.75,29.76,29.6725,29.75,128824.0
1448456400000,29.75,29.815,29.5125,29.565,43732448.0
1448470800000,29.565,29.6225,29.48,29.505,35621904.0
1448960400000,29.72,29.7475,29.625,29.735,210140.0
1448974800000,29.72,29.75,29.455,29.5175,51241556.0
1448989200000,29.5175,29.565,29.215,29.3225,76321428.0
1449003600000,29.335,29.5873,29.295,29.2975,5140036.0
1449046800000,29.3425,29.3725,29.2875,29.29,77808.0
1449061200000,29.3,29.5275,29.225,29.4388,51652976.0
1449075600000,29.44,29.5175,29.02,29.075,66164852.0
1449090000000,29.075,29.11,29.055,29.1075,5297760.0
1449133200000,29.1775,29.325,29.125,29.215,303448.0
1449147600000,29.215,29.325,28.9275,29.0475,56817324.0
1449162000000,29.0475,29.0575,28.555,28.8,93531768.0
1449176400000,28.801,28.8675,28.7925,28.865,6626436.0
1449219600000,28.885,28.9875,28.885,28.9,75448.0
1449234000000,28.89,29.625,28.7525,29.5538,115136324.0
1449248400000,29.5525,29.8125,29.5,29.75,94457848.0
1449262800000,29.765,29.775,29.4719,29.7625,3179180.0
1449478800000,29.81,29.88,29.78,29.7975,188664.0
1449493200000,29.7875,29.965,29.5025,29.5963,64384144.0
1449507600000,29.595,29.625,29.4525,29.5675,56465400.0
1449522000000,29.5625,29.62,29.5345,29.565,1565436.0
1449565200000,29.4875,29.5125,29.305,29.32,156984.0
1449579600000,29.31,29.65,29.1925,29.475,67687036.0
1449594000000,29.475,29.6275,29.34,29.56,57928456.0
1449608400000,29.56,29.625,29.4363,29.6225,1264572.0
1449651600000,29.49,29.525,29.425,29.475,122612.0
1449666000000,29.485,29.5575,29.0725,29.125,61707360.0
1449680400000,29.125,29.1375,28.77,28.9075,104618924.0
1449694800000,28.9075,28.95,28.8219,28.95,2284124.0
1449738000000,28.985,29.045,28.94,28.985,81596.0
1449752400000,28.985,29.1725,28.8775,28.9875,57331960.0
1449766800000,28.9878,29.235,28.9425,29.045,51492416.0
1449781200000,29.05,29.105,29.015,29.105,1800852.0
1449824400000,29.0425,29.0425,28.72,28.725,445848.0
1450256400000,27.6925,27.825,27.6025,27.6725,265612.0
1450270800000,27.6725,27.9975,27.2325,27.2713,95618648.0
1450285200000,27.2713,27.9,27.2,27.835,117215024.0
1450299600000,27.84,27.85,27.6769,27.8175,6203772.0
1450342800000,27.92,28.1125,27.9075,28.075,327468.0
1450357200000,28.065,28.1125,27.3675,27.51,79043164.0
1450371600000,27.5125,27.6375,27.2475,27.25,89430376.0
1450386000000,27.2488,27.3425,27.15,27.1575,2004528.0
1450429200000,27.5,27.5,27.09,27.1475,329036.0
1450443600000,27.1425,27.38,26.785,26.835,118254556.0
1450458000000,26.8365,26.885,26.4525,26.4725,147381772.0
1450472400000,26.46,26.6766,26.46,26.5825,33782576.0
1450688400000,26.875,26.97,26.7575,26.8125,377600.0
1450702800000,26.8025,26.8975,26.3925,26.6306,83977504.0
1450717200000,26.63,26.8375,26.53,26.83,80924248.0
1450731600000,26.8375,26.9125,26.795,26.9075,3470408.0
1450774800000,26.925,26.925,26.75,26.79,155524.0
1450789200000,26.7875,26.87,26.6128,26.81,58715432.0
1450803600000,26.81,26.93,26.74,26.8025,61916752.0
1450818000000,26.8075,26.8475,26.79,26.83,6114868.0
1450861200000,26.85,26.925,26.85,26.895,74772.0
1450875600000,26.89,27.1525,26.795,27.1225,61506744.0
1450890000000,27.1238,27.2125,27.0075,27.1525,59927812.0
1450904400000,27.1525,27.17,27.12,27.1625,2347672.0
1450947600000,27.1425,27.1425,27.1275,27.13,3080.0
1450962000000,27.1225,27.25,26.9875,27.1275,37443316.0
1450976400000,27.1275,27.1325,26.99,27.0075,16233804.0
1450990800000,27.005,27.005,27.0025,27.0025,3708.0
1451293200000,26.925,26.925,26.7925,26.825,36732.0
1451307600000,26.8525,26.9375,26.5452,26.7925,54038496.0
1451322000000,26.7925,26.835,26.6275,26.705,44376160.0
1451336400000,26.705,26.73,26.6875,26.7175,831616.0
1451379600000,26.75,26.875,26.75,26.8,156932.0
1451394000000,26.7825,27.0125,26.715,26.9703,46404708.0
1451552400000,26.88,26.8875,26.81,26.8125,30940.0
1451566800000,26.82,26.8775,26.4069,26.445,60305484.0
1451581200000,26.445,26.5225,26.205,26.3075,88675132.0
1451595600000,26.315,26.3775,26.2694,26.365,3342068.0
1451898000000,26.3625,26.3625,25.7025,25.825,773660.0
1451912400000,25.825,25.9838,25.5,25.9575,105005324.0
1451926800000,25.96,26.342,25.9225,26.3325,141329192.0
1451941200000,26.3375,26.45,25.7192,26.435,9083784.0
1451984400000,26.37,26.37,26.175,26.255,164008.0
1451998800000,26.2475,26.4625,25.9575,26.0225,64020196.0
1452013200000,26.0238,26.025,25.6025,25.6775,143639548.0
1452027600000,25.68,25.705,25.5275,25.5625,4570824.0
1452070800000,25.56,25.56,24.915,25.0525,1345564.0
1452085200000,25.05,25.5925,25.0075,25.295,112462440.0
1452099600000,25.2963,25.329,24.9675,25.175,149365044.0
1452114000000,25.175,25.4544,25.06,25.24,2586288.0
1452157200000,23.9975,25.1475,23.9975,24.4675,1688492.0
1452171600000,24.485,25.0325,24.325,24.7513,128277572.0
1452186000000,24.7525,24.7825,24.1075,24.135,172572240.0
1452200400000,24.1125,24.2325,23.85,23.9025,7130344.0
1452243600000,24.165,24.4225,24.1625,24.35,1150676.0
1452258000000,24.355,24.7775,24.19,24.485,137169180.0
1452272400000,24.4825,24.7375,24.225,24.245,128259760.0
1452286800000,24.255,24.295,24.235,24.2525,3933220.0
1452502800000,24.41,24.5375,24.2975,24.4875,443344.0
1452517200000,24.4775,24.7925,24.335,24.5679,85530932.0
1452848400000,24.59,24.59,24.2375,24.4125,626872.0
1452862800000,24.42,24.4375,23.8825,24.0125,127065152.0
1452877200000,24.01,24.4275,23.84,24.2725,171439920.0
1452891600000,24.265,24.315,24.26,24.2825,4996564.0
1453194000000,24.47,24.8125,24.47,24.575,523704.0
1453208400000,24.575,24.78,24.0575,24.1175,87734616.0
1453222800000,24.1163,24.3654,23.875,24.17,102221116.0
1453237200000,24.1625,24.2242,24.0775,24.125,14958436.0
1453280400000,23.875,23.875,23.4175,23.7,649948.0
1453294800000,23.715,23.885,23.355,23.52,120978816.0
1453309200000,23.52,24.5474,23.3825,24.2025,148961772.0
1453323600000,24.1975,24.315,24.16,24.3075,3469388.0
1453366800000,22.755,24.19,22.755,24.1525,183988.0
1453381200000,24.1525,24.445,23.735,24.425,92639984.0
1453395600000,24.4248,24.47,23.9625,24.065,101672136.0
1453410000000,24.075,24.2113,24.0347,24.1125,7854664.0
1453453200000,24.44,24.6,24.38,24.595,482460.0
1453467600000,24.58,25.045,24.4925,24.845,119573452.0
1453482000000,24.8425,25.365,24.8307,25.355,130344716.0
1453496400000,25.3625,25.495,25.31,25.495,3941456.0
1453712400000,25.5,25.5,25.275,25.3375,256424.0
1453726800000,25.35,25.4625,25.03,25.12,88567188.0
1453741200000,25.1225,25.3025,24.8025,24.8665,93709040.0
1453755600000,24.86,25.2346,24.775,24.8625,6582956.0
1453798800000,24.7625,25.0625,24.625,24.9775,400512.0
1453813200000,24.9775,25.1975,24.5175,25.085,106184888.0
1453827600000,25.0875,25.22,24.76,24.995,138116628.0
1454317200000,24.275,24.275,24.0325,24.075,106776.0
1454331600000,24.075,24.335,23.85,24.1025,76343644.0
1454346000000,24.1075,24.1775,23.9375,24.095,72586932.0
1454360400000,24.1075,24.335,24.015,24.0625,7773548.0
1454403600000,23.9675,23.9675,23.7775,23.835,101364.0
1454418000000,23.84,24.01,23.76,23.8325,59084140.0
1454432400000,23.8346,23.8725,23.57,23.62,77003424.0
1454446800000,23.6225,23.7125,23.6025,23.6925,4827048.0
1454490000000,23.73,23.825,23.6375,23.71,97208.0
1454504400000,23.7175,23.91,23.52,23.675,73184892.0
1454518800000,23.6775,24.21,23.575,24.085,98005408.0
1454533200000,24.1025,24.11,23.6469,24.0075,5481164.0
1454576400000,24.0025,24.1,23.91,23.91,45452.0
1454590800000,23.9575,24.3325,23.7625,23.91,76414900.0
1454605200000,23.9078,24.1775,23.8875,24.15,99158236.0
1454619600000,24.15,24.17,24.0673,24.125,2210580.0
1454662800000,24.1925,24.2475,24.1625,24.2025,32508.0
1454677200000,24.18,24.23,23.7209,23.8025,72867684.0
1454691600000,23.8,23.895,23.4225,23.5025,99588164.0
1454706000000,23.505,23.5375,23.4675,23.4875,5768368.0
1454922000000,23.4525,23.4525,23.0125,23.07,430872.0
1454936400000,23.0775,23.6875,23.0325,23.621,94378592.0
1454950800000,23.62,23.925,23.3425,23.7525,108757768.0
1454965200000,23.7525,23.835,23.4631,23.6625,1650968.0
1455008400000,23.6875,23.75,23.5275,23.56,98188.0
1455022800000,23.58,23.845,23.4825,23.6748,80216036.0
1455037200000,23.6725,23.985,23.5625,23.755,88591020.0
1455051600000,23.7475,23.805,23.6875,23.775,3182696.0
1455094800000,23.93,24.0575,23.785,24.03,106360.0
1455109200000,24.0175,24.1675,23.745,23.815,70952700.0
1455123600000,23.815,23.95,23.525,23.5675,89447336.0
1455138000000,23.5675,23.7398,23.5,23.5,3757064.0
1455613200000,23.46,24.0525,23.46,23.87,197744.0
1455627600000,23.8625,23.9375,23.45,23.9363,71603004.0
1455642000000,23.9375,24.2125,23.9298,24.155,104193688.0
1455656400000,24.145,24.16,23.9575,24.0875,5946160.0
1455699600000,24.1325,24.2375,24.125,24.2075,298264.0
1455714000000,24.19,24.3475,23.9675,24.25,81541708.0
1455728400000,24.25,24.5525,24.2425,24.5275,83803916.0
1455742800000,24.5275,24.57,24.1269,24.565,3815448.0
1455786000000,24.5,24.775,24.475,24.6625,234172.0
1455800400000,24.6675,24.775,24.2,24.2749,74139068.0
1455814800000,24.274,24.2875,24.0227,24.065,70007732.0
1455829200000,24.065,24.105,24.0275,24.055,2407268.0
1455872400000,24.02,24.07,23.9525,24.025,58316.0
1455886800000,24.0275,24.19,23.95,24.065,64120340.0
1455901200000,24.065,24.12,23.9875,24.0075,62001600.0
1455915600000,24.0125,24.025,23.95,23.975,9903928.0
1456131600000,24.095,24.3125,24.095,24.15,158312.0
1456146000000,24.1425,24.19,23.98,24.0575,61001996.0
1456160400000,24.0566,24.225,24.0,24.2175,67788348.0
1456174800000,24.2075,24.22,24.0948,24.1625,2322956.0
1456218000000,24.0625,24.15,24.0625,24.1,99216.0
1456232400000,24.115,24.1475,23.7725,23.8325,52990328.0
1456246800000,23.8325,23.8525,23.6375,23.6725,59738268.0
1456261200000,23.6725,24.06,23.55,23.575,5685684.0
1456304400000,23.55,23.55,23.35,23.445,219840.0
1456318800000,23.4475,23.625,23.33,23.5575,61206752.0
1456333200000,23.5575,24.095,23.5525,24.025,74553148.0
1456347600000,24.025,24.0775,23.6485,24.07,4472296.0
1456390800000,23.97,24.0375,23.97,24.0,79840.0
1456405200000,24.0,24.1075,23.8125,23.9575,48363488.0
1456419600000,23.9575,24.19,23.9,24.19,52863872.0
1456736400000,24.2125,24.2125,23.985,24.1625,82668.0
1456750800000,24.17,24.5575,24.1625,24.5025,48319548.0
1456765200000,24.4975,24.5175,24.1625,24.1625,61913444.0
1456779600000,24.165,24.3895,24.165,24.1975,10136452.0
1456822800000,24.16,24.4625,24.16,24.38,123516.0
1456837200000,24.385,25.0,24.325,24.9775,83274688.0
1456851600000,24.9763,25.1925,24.935,25.1325,108620928.0
1456866000000,25.125,25.1725,25.1,25.1625,1817404.0
1456909200000,25.2125,25.2375,25.125,25.2125,127812.0
1456923600000,25.2,25.2225,24.92,24.9839,65271172.0
1456938000000,24.983,25.2125,24.91,25.1825,57958848.0
1456952400000,25.195,25.215,24.9725,25.175,1867076.0
1456995600000,25.2175,25.2175,25.15,25.175,33180.0
1457010000000,25.19,25.4275,25.1125,25.205,71121268.0
1457024400000,25.205,25.4175,25.16,25.375,65772216.0
1457038800000,25.375,25.4725,25.1875,25.4625,5145492.0
1457082000000,25.4,25.52,25.39,25.4725,108752.0
1457096400000,25.475,25.7725,25.3425,25.741,81215836.0
1457110800000,25.74,25.9375,25.6175,25.7525,94501056.0
1457125200000,25.7525,25.7525,25.4569,25.7475,3011876.0
1457341200000,25.7525,25.795,25.63,25.795,338664.0
1457355600000,25.7725,25.795,25.425,25.5225,70277448.0
1457370000000,25.5244,25.5375,25.24,25.4675,65773088.0
1457384400000,25.4525,25.47,25.4225,25.4225,762132.0
1457427600000,25.395,25.395,25.075,25.305,185536.0
1457442000000,25.305,25.375,25.1,25.36,55055460.0
1457456400000,25.36,25.44,25.205,25.26,60810428.0
1457470800000,25.245,25.2875,25.2175,25.26,2131360.0
1457514000000,25.37,25.4825,25.1325,25.3825,137284.0
1457528400000,25.385,25.475,25.0675,25.3175,53032560.0
1457542800000,25.315,25.3275,25.196,25.2775,47050856.0
1457557200000,25.28,25.295,25.233,25.295,2602380.0
1457600400000,25.3,25.56,25.3,25.55,221540.0
1458028800000,25.7025,26.125,25.5325,26.0625,1066788.0
1458043200000,26.045,26.295,25.8875,26.2525,85605520.0
1458057600000,26.255,26.2675,26.085,26.145,61996824.0
1458072000000,26.145,26.155,25.75,26.155,2953908.0
1458115200000,26.175,26.215,26.1375,26.1375,78112.0
1458129600000,26.165,26.355,26.0875,26.3446,52826904.0
1458144000000,26.3441,26.5775,26.2525,26.4925,91560864.0
1458158400000,26.48,26.505,26.125,26.36,3024204.0
1458201600000,26.355,26.5625,26.26,26.3175,258528.0
1458216000000,26.35,26.56,26.24,26.5338,61480112.0
1458230400000,26.535,26.6175,26.3925,26.45,61531352.0
1458244800000,26.45,26.5,26.2821,26.5,6951756.0
1458288000000,26.48,26.6125,26.48,26.5625,92328.0
1458302400000,26.55,26.6625,26.3528,26.4425,85940900.0
1458316800000,26.445,26.5,26.2975,26.4775,63886232.0
1458331200000,26.4775,26.4975,26.375,26.4425,9674652.0
1458547200000,26.455,26.57,26.4425,26.525,73068.0
1458561600000,26.535,26.9125,26.4575,26.6863,49486536.0
1458576000000,26.685,26.7125,26.285,26.4775,83771792.0
1458590400000,26.4775,26.5882,26.4125,26.4875,3733544.0
1458633600000,26.49,26.49,26.3025,26.3975,112200.0
1458648000000,26.395,26.8225,26.3025,26.745,66073148.0
1458662400000,26.7425,26.785,26.6505,26.685,49536192.0
1458676800000,26.6775,26.6825,26.3927,26.64,2488484.0
1458720000000,26.675,26.7425,26.675,26.7375,46680.0
1458734400000,26.7125,26.7325,26.5425,26.7,47288788.0
1458748800000,26.7025,26.7675,26.475,26.535,48085400.0
1458763200000,26.5325,26.5575,26.5125,26.53,1670668.0
1458806400000,26.505,26.505,26.3825,26.4,47540.0
1458820800000,26.41,26.5625,26.2225,26.3975,51064452.0
1458835200000,26.395,26.4625,26.3,26.415,42275932.0
1458849600000,26.4175,26.425,26.3675,26.4225,1877000.0
1459152000000,26.375,26.57,26.375,26.4875,56500.0
1459324800000,26.9775,27.3575,26.9775,27.25,746332.0
1459339200000,27.2275,27.605,26.875,27.2998,104876908.0
1459353600000,27.2978,27.4775,27.1875,27.3975,68577684.0
1459368000000,27.39,27.5146,27.355,27.39,1735384.0
1459411200000,27.355,27.355,27.2225,27.3525,236312.0
1459425600000,27.335,27.475,27.2375,27.3788,45891744.0
1459440000000,27.38,27.3938,27.22,27.24,40527992.0
1459454400000,27.2475,27.285,27.23,27.2575,5744592.0
1459497600000,27.1725,27.1925,27.1,27.16,78884.0
1459512000000,27.1725,27.5,27.05,27.385,50784140.0
1459526400000,27.3825,27.5,27.3675,27.49,41438308.0
1459540800000,27.4975,27.51,27.2584,27.5,1654620.0
1459756800000,27.6175,27.7825,27.5625,27.7425,441768.0
1459771200000,27.75,28.0475,27.4375,27.895,77511932.0
1459785600000,27.895,27.9975,27.7425,27.7825,61863812.0
1459800000000,27.785,27.7875,27.6855,27.75,928496.0
1459843200000,27.625,27.625,27.2825,27.37,619300.0
1459857600000,27.3725,27.6825,27.2975,27.4942,51752660.0
1459872000000,27.4925,27.58,27.3975,27.4508,46559908.0
1459886400000,27.4525,27.78,27.3525,27.5275,2264312.0
1459929600000,27.525,27.5975,27.5,27.5825,62280.0
1459944000000,27.53,27.6575,27.3,27.55,52372656.0
1459958400000,27.5475,27.745,27.45,27.7378,45740136.0
1459972800000,27.7425,27.77,27.4893,27.72,2108688.0
1460016000000,27.65,27.75,27.475,27.525,286712.0
1460030400000,27.5475,27.6275,27.255,27.34,51282072.0
1460044800000,27.34,27.4425,27.0303,27.135,62551932.0
1460059200000,27.135,27.1774,27.0875,27.0975,5685232.0
1460102400000,27.335,27.375,27.2825,27.35,92168.0
1460116800000,27.35,27.4425,27.17,27.245,45502548.0
1460131200000,27.245,27.25,27.0425,27.165,41218892.0
1460145600000,27.165,27.22,27.1208,27.1425,1238360.0
1460361600000,27.165,27.3425,27.165,27.295,93920.0
1460620800000,27.91,27.98,27.9,27.9,124832.0
1460635200000,27.8975,28.0475,27.7825,28.0453,50411172.0
1460649600000,28.045,28.0975,27.975,28.025,43648728.0
1460664000000,28.025,28.0625,28.0075,28.05,1742120.0
1460707200000,27.95,28.025,27.945,27.9525,58256.0
1460721600000,27.9575,28.075,27.8775,27.9956,43807928.0
1460736000000,27.995,28.0,27.4325,27.4535,128958720.0
1460750400000,27.4625,27.9084,27.3775,27.4,6961764.0
1460966400000,27.4,27.4,27.125,27.2125,411004.0
1460980800000,27.2125,27.3325,26.9525,27.0225,124402088.0
1460995200000,27.0225,27.0775,26.735,26.85,102802208.0
1461009600000,26.87,27.0134,26.7775,26.8625,7369284.0
1461052800000,27.045,27.095,26.985,27.025,209308.0
1461067200000,27.0125,27.0375,26.6378,26.685,59035420.0
1461081600000,26.685,27.0,26.5575,26.7375,59585052.0
1461096000000,26.7275,26.7651,26.65,26.67,4675032.0
1461139200000,26.71,26.72,26.625,26.72,70128.0
1461153600000,26.7175,26.9925,26.515,26.9225,57928976.0
1461168000000,26.9225,27.0225,26.7775,26.7825,48277876.0
1461182400000,26.79,26.9658,26.75,26.7625,4255796.0
1461225600000,26.7875,26.8625,26.7875,26.825,79400.0
1461240000000,26.805,26.8825,26.38,26.4553,66099056.0
1461254400000,26.455,26.53,26.3813,26.4925,52554520.0
1461268800000,26.4925,26.5962,26.2275,26.3,3166572.0
1461312000000,26.32,26.3725,26.3,26.315,165988.0
1461326400000,26.3275,26.62,26.2,26.3425,62038760.0
1461340800000,26.3425,26.425,26.155,26.42,58728464.0
1461355200000,26.42,26.435,26.3746,26.4025,1863168.0
1461571200000,26.305,26.375,26.19,26.2425,225572.0
1461585600000,26.2275,26.4125,26.1275,26.2235,47799376.0
1461600000000,26.2238,26.3475,26.1975,26.27,55938376.0
1461614400000,26.27,26.3325,26.2257,26.2775,3520708.0
1461657600000,26.325,26.325,26.0,26.0725,290268.0
1461916800000,23.775,23.775,23.5475,23.6475,474276.0
1461931200000,23.6475,23.7375,23.1275,23.34,151367032.0
1461945600000,23.3375,23.515,23.2425,23.435,106843024.0
1461960000000,23.435,23.5147,23.3031,23.4,4218128.0
1462176000000,24.0,24.0,23.49,23.565,198048.0
1462190400000,23.555,23.595,23.1,23.23,90906844.0
1462204800000,23.23,23.485,23.15,23.41,94194932.0
1462219200000,23.4125,23.47,23.1894,23.4525,2214004.0
1462262400000,23.455,23.455,23.27,23.4025,488952.0
1462276800000,23.3875,23.72,23.275,23.655,106973364.0
1462291200000,23.657,23.935,23.5925,23.795,109369736.0
1462305600000,23.8075,23.815,23.41,23.79,2742976.0
1462348800000,23.8875,23.8875,23.6125,23.6675,177564.0
1462363200000,23.67,23.975,23.525,23.5625,83004872.0
1462377600000,23.5628,23.61,23.455,23.5475,64735740.0
1462392000000,23.5325,23.62,23.5092,23.595,4195036.0
1462435200000,23.5875,23.5975,23.495,23.5125,65120.0
1462449600000,23.52,23.5625,23.2075,23.2957,63214796.0
1462464000000,23.295,23.3275,23.17,23.31,67720536.0
1462478400000,23.2925,23.3375,23.265,23.3025,3060536.0
1462521600000,23.31,23.37,23.2875,23.2925,40064.0
1462536000000,23.315,23.3625,23.025,23.0487,66210864.0
1462550400000,23.0498,23.2,22.9625,23.18,100593584.0
1462564800000,23.18,23.195,23.035,23.1675,2765196.0
1462780800000,23.1925,23.2675,23.1925,23.23,121868.0
1462795200000,23.25,23.4425,23.1475,23.3475,57578240.0
1462809600000,23.3475,23.3575,23.155,23.1975,61580808.0
1462824000000,23.1975,23.2615,23.1575,23.1625,2646588.0
1462867200000,23.2625,23.375,23.225,23.2825,172364.0
1462881600000,23.2525,23.3725,23.0275,23.36,73341948.0
1463385600000,22.6725,23.28,22.64,23.055,2752724.0
1463400000000,23.0425,23.4675,22.65,23.4375,126452760.0
1463414400000,23.4375,23.5975,23.355,23.4675,98981244.0
1463428800000,23.475,23.5664,23.3816,23.4875,5281180.0
1463472000000,23.5,23.75,23.5,23.6125,716100.0
1463486400000,23.6,23.75,23.335,23.5063,91341060.0
1463500800000,23.5075,23.56,23.2525,23.37,78946672.0
1463515200000,23.3725,23.3875,23.3575,23.3775,4645804.0
1463558400000,23.4625,23.52,23.4225,23.4625,115788.0
1463572800000,23.4625,23.755,23.375,23.685,72274832.0
1463587200000,23.6875,23.8025,23.5125,23.6425,85190388.0
1463601600000,23.64,23.7,23.6275,23.6925,2483120.0
1463644800000,23.65,23.7025,23.6075,23.69,49924.0
1463659200000,23.6925,23.6925,23.3925,23.4625,56686728.0
1463673600000,23.4605,23.5975,23.4,23.55,60869488.0
1463688000000,23.5525,23.59,23.4603,23.5775,1265652.0
1463731200000,23.675,23.7225,23.63,23.63,45484.0
1463745600000,23.65,23.8,23.58,23.7902,60540432.0
1463760000000,23.7917,23.8575,23.7325,23.805,55452544.0
1463774400000,23.805,23.81,23.77,23.7825,7277724.0
1463990400000,23.875,24.0475,23.855,24.0175,558112.0
1464004800000,24.0175,24.2975,23.8875,24.145,78866636.0
1464019200000,24.1475,24.2425,24.08,24.105,56093748.0
1464033600000,24.1075,24.2088,24.095,24.1375,5715988.0
1464076800000,24.2225,24.275,24.22,24.22,196256.0
1464091200000,24.25,24.435,24.21,24.4341,66471984.0
1464105600000,24.4348,24.5225,24.3975,24.475,60985504.0
1464120000000,24.475,24.55,24.475,24.55,5190600.0
1464163200000,24.6125,24.7375,24.595,24.6125,327928.0
1464177600000,24.5925,24.7875,24.5275,24.75,66426268.0
1464192000000,24.7488,24.935,24.7375,24.9,73910476.0
1464681600000,25.0875,25.125,24.925,24.9575,325036.0
1464696000000,24.9625,25.1,24.885,24.9706,58994244.0
1464710400000,24.97,24.995,24.705,24.965,76687252.0
1464724800000,24.9625,24.995,24.9288,24.9875,11454516.0
1464768000000,24.97,24.995,24.7525,24.9225,127876.0
1464782400000,24.85,24.925,24.69,24.7925,53302308.0
1464796800000,24.79,24.81,24.5825,24.6125,56528244.0
1464811200000,24.6125,24.7841,24.5625,24.575,1424056.0
1464854400000,24.5075,24.5075,24.45,24.455,172664.0
1464868800000,24.45,24.4925,24.1575,24.315,81415348.0
1464883200000,24.3164,24.4475,24.1925,24.425,68220824.0
1464897600000,24.43,24.4925,24.405,24.4475,5278152.0
1464940800000,24.4875,24.5,24.475,24.4875,24456.0
1464955200000,24.4875,24.5675,24.335,24.5275,56875260.0
1464969600000,24.53,24.55,24.425,24.4775,48913956.0
1464984000000,24.485,24.5,24.475,24.48,2005220.0
1465200000000,24.48,24.5425,24.48,24.5375,31552.0
1465214400000,24.5125,24.765,24.3875,24.745,43722972.0
1465228800000,24.7475,25.4725,24.6275,24.6575,43522296.0
1465243200000,24.6875,24.6875,24.6325,24.655,881980.0
1465286400000,24.6925,24.84,24.6925,24.775,115032.0
1465300800000,24.7875,24.9675,24.725,24.8283,43048328.0
1465315200000,24.8275,24.875,24.74,24.76,38296496.0
1465329600000,24.7575,24.9344,24.7375,24.75,1235852.0
1465372800000,24.75,24.7875,24.75,24.7875,15424.0
1465387200000,24.7575,24.89,24.67,24.765,38409432.0
1465401600000,24.7675,24.7902,24.6975,24.735,37364088.0
1465416000000,24.735,24.8601,24.6875,24.7,1318760.0
1465459200000,24.625,24.66,24.615,24.6375,33808.0
1465473600000,24.625,24.995,24.615,24.9683,53069980.0
1465488000000,24.9675,24.9975,24.8781,24.915,47587208.0
1465502400000,24.9125,24.9225,24.8279,24.92,1427672.0
1465545600000,24.875,24.875,24.6475,24.765,145856.0
1465560000000,24.7675,24.8175,24.62,24.7575,56705972.0
1465804800000,24.71,24.71,24.3725,24.52,279412.0
1465819200000,24.5125,24.78,24.275,24.3675,72350124.0
1465833600000,24.365,24.5125,24.31,24.335,68326056.0
1465848000000,24.325,24.389,24.28,24.3125,2881156.0
1465891200000,24.235,24.295,24.175,24.275,57176.0
1465905600000,24.275,24.6188,24.1875,24.215,65881212.0
1465920000000,24.215,24.3975,24.2138,24.365,54007736.0
1465934400000,24.365,24.37,24.325,24.3375,3342504.0
1465977600000,24.415,24.4825,24.415,24.455,42772.0
1465992000000,24.4375,24.6025,24.4025,24.56,46193876.0
1466006400000,24.5575,24.5575,24.2575,24.285,57028968.0
1466020800000,24.285,24.295,24.245,24.2625,6252880.0
1466064000000,24.285,24.285,24.025,24.085,178104.0
1466078400000,24.145,24.19,24.0175,24.1,53518012.0
1466092800000,24.1,24.4375,24.085,24.3925,64550664.0
1466107200000,24.3875,24.435,24.365,24.4025,1621028.0
1466150400000,24.3675,24.3675,24.2125,24.225,189292.0
1466164800000,24.295,24.3375,23.8388,23.906,123693916.0
1466179200000,23.9075,23.995,23.825,23.83,64551500.0
1466193600000,23.83,23.8958,23.7525,23.7575,19987988.0
1466409600000,23.8625,24.12,23.8625,24.0475,300212.0
1466424000000,24.0475,24.1425,23.905,23.9422,67849820.0
1466438400000,23.9422,24.0175,23.7575,23.775,60204964.0
1466452800000,23.775,23.9724,23.7675,23.77,3394548.0
1466496000000,23.77,23.815,23.7525,23.7875,70816.0
1466510400000,23.8,24.0775,23.669,24.07,69006216.0
1466524800000,24.07,24.0875,23.95,23.9775,61341744.0
1466539200000,23.9775,24.13,23.95,24.09,2483664.0
1466582400000,24.0125,24.175,24.0125,24.1625,137552.0
1466596800000,24.1625,24.2225,24.05,24.0875,45023000.0
1466611200000,24.0855,24.0975,23.8375,23.89,61943896.0
1466625600000,23.8875,23.97,23.885,23.9575,3534472.0
1466668800000,23.9875,24.12,23.9875,24.0375,49880.0
1467100800000,23.1375,23.3225,23.1375,23.2475,165712.0
1467115200000,23.25,23.33,23.035,23.135,70716868.0
1467129600000,23.1375,23.415,23.09,23.3975,75850404.0
1467144000000,23.3975,23.435,23.1219,23.395,5156356.0
1467187200000,23.45,23.52,23.45,23.5075,91808.0
1467201600000,23.5075,23.6275,23.4075,23.5775,64466440.0
1467216000000,23.575,23.6375,23.53,23.6,65167408.0
1467230400000,23.6,23.62,23.55,23.5875,4174496.0
1467273600000,23.5875,23.6,23.525,23.525,50728.0
1467288000000,23.575,23.8725,23.5,23.865,56356468.0
1467302400000,23.865,23.9425,23.8075,23.9025,64373016.0
1467316800000,23.9,23.9,23.8425,23.85,4187888.0
1467360000000,23.8475,23.9,23.7875,23.875,54976.0
1467374400000,23.79,24.1163,23.79,24.061,51576412.0
1467388800000,24.06,24.0775,23.945,23.975,43575024.0
1467403200000,23.975,23.9975,23.9625,23.99,2107288.0
1467705600000,23.95,23.95,23.7125,23.74,309612.0
1467720000000,23.7513,23.85,23.615,23.6763,50717516.0
1467734400000,23.6775,23.76,23.63,23.755,43129168.0
1467748800000,23.7475,23.775,23.6447,23.7575,5170976.0
1467792000000,23.755,23.755,23.6175,23.6625,168480.0
1467806400000,23.645,23.85,23.5925,23.7975,62092452.0
1467820800000,23.8,23.915,23.755,23.8825,55069960.0
1467835200000,23.8825,23.8975,23.7878,23.875,1544680.0
1467878400000,23.9225,23.94,23.8775,23.8775,42324.0
1467892800000,23.9,24.125,23.8875,24.0473,45175324.0
1467907200000,24.045,24.07,23.905,23.985,44211056.0
1467921600000,23.985,24.0336,23.96,23.965,2608748.0
1467964800000,24.0125,24.05,23.95,23.9975,48996.0
1467979200000,24.0,24.2225,23.9675,24.135,46811704.0
1467993600000,24.135,24.1875,24.1128,24.17,56880824.0
1468008000000,24.1425,24.1725,24.125,24.15,3140468.0
1468224000000,24.23,24.33,24.2275,24.285,71652.0
1468238400000,24.36,24.4125,24.1825,24.33,47546488.0
1468252800000,24.3325,24.3575,24.2325,24.245,38678056.0
1468396800000,24.3775,24.47,24.37,24.405,40620.0
1468411200000,24.4,24.4175,24.26,24.2675,41743176.0
1468425600000,24.27,24.3225,24.21,24.2175,47043516.0
1468440000000,24.2175,24.242,24.1775,24.2,2128024.0
1468483200000,24.2425,24.41,24.2425,24.3675,152540.0
1468497600000,24.375,24.645,24.31,24.603,73304956.0
1468512000000,24.605,24.7475,24.545,24.6975,71800584.0
1468526400000,24.6975,24.7225,24.63,24.65,4629024.0
1468569600000,24.6825,24.7025,24.6325,24.67,31336.0
1468584000000,24.65,24.825,24.625,24.6563,61337664.0
1468598400000,24.6553,24.745,24.625,24.69,49518344.0
1468612800000,24.69,24.695,24.595,24.6375,1810152.0
1468828800000,24.6925,24.755,24.6925,24.755,44028.0
1468843200000,24.7425,25.0325,24.65,24.9986,73111632.0
1468857600000,24.9975,25.0,24.905,24.9575,63918680.0
1468872000000,24.9625,24.9925,24.9125,24.945,1433020.0
1468915200000,24.8625,24.88,24.8,24.8525,56952.0
1468929600000,24.8525,25.0,24.835,24.905,44959320.0
1468944000000,24.905,24.9875,24.8975,24.9675,40552116.0
1468958400000,24.9675,25.0025,24.95,24.985,3561812.0
1469001600000,24.96,25.04,24.96,25.0325,49228.0
1469016000000,25.025,25.115,24.965,25.0,49297644.0
1469030400000,25.0,25.0025,24.9338,24.9825,45468548.0
1469044800000,24.9825,25.05,24.9625,25.0475,4554784.0
1469088000000,25.0,25.07,25.0,25.03,39744.0
1469102400000,25.0125,25.25,24.9275,24.9575,60198968.0
1469116800000,24.955,24.9675,24.7825,24.855,57435524.0
1469131200000,24.8575,24.9015,24.7175,24.7725,5235988.0
1469174400000,24.8125,24.86,24.7475,24.76,83712.0
1469188800000,24.7725,24.825,24.5775,24.7225,52114236.0
1469203200000,24.7225,24.7625,24.6175,24.665,49869408.0
1469217600000,24.6575,24.7311,24.5875,24.595,3369964.0
1469433600000,24.665,24.675,24.5875,24.6,48080.0
1469448000000,24.6,24.71,24.4625,24.4998,60039132.0
1469462400000,24.5,24.51,24.23,24.33,88131968.0
1469692800000,25.85,25.875,25.7025,25.7225,175692.0
1469707200000,25.7225,26.0575,25.675,25.9648,75963528.0
1469721600000,25.9625,26.1125,25.875,26.0825,69577164.0
1469736000000,26.085,26.145,26.0325,26.135,5539160.0
1469779200000,26.0,26.12,26.0,26.0925,68812.0
1469793600000,26.065,26.1375,25.92,26.0175,49622904.0
1469808000000,26.015,26.1,26.0,26.0487,47713060.0
1469822400000,26.0525,26.075,26.0425,26.0625,2665640.0
1470038400000,26.1,26.245,26.1,26.225,129196.0
1470052800000,26.1625,26.385,26.1025,26.335,65696680.0
1470067200000,26.3325,26.5375,26.2625,26.515,77432760.0
1470081600000,26.525,26.56,26.151,26.5475,4060860.0
1470124800000,26.5,26.5,26.36,26.4,182116.0
1470139200000,26.435,26.5175,26.0625,26.1075,70188032.0
1470153600000,26.1075,26.1875,26.0,26.1175,55226952.0
1470168000000,26.1125,26.175,26.0925,26.1025,3125168.0
1470211200000,26.08,26.165,26.08,26.1325,51264.0
1470225600000,26.145,26.46,26.12,26.36,53986168.0
1470240000000,26.36,26.4575,26.3525,26.45,53481140.0
1470254400000,26.455,26.48,26.364,26.47,6062948.0
1470297600000,26.355,26.4125,26.325,26.38,235424.0
1470312000000,26.3825,26.5,26.32,26.4275,56092336.0
1470326400000,26.4284,26.5,26.385,26.4725,41701604.0
1470340800000,26.4675,26.4775,26.395,26.47,1449016.0
1470384000000,24.9125,26.5575,24.9125,26.49,78488.0
1470398400000,26.535,26.8875,26.48,26.8725,66467500.0
1470412800000,26.8725,26.9125,26.84,26.8675,68945812.0
1470427200000,26.87,26.885,26.8325,26.8825,15509492.0
1470643200000,26.895,26.98,26.885,26.9375,88996.0
1470657600000,26.9375,27.0,26.79,26.9925,53164724.0
1470672000000,26.9925,27.0925,26.9725,27.0925,42877192.0
1470686400000,27.0925,27.1075,26.9405,27.0925,6533540.0
1470729600000,27.1025,27.1625,27.0975,27.1375,98664.0
1470988800000,27.03,27.0425,27.0,27.025,19044.0
1471003200000,27.0425,27.11,26.945,26.9925,37017644.0
1471017600000,26.993,27.0525,26.95,27.04,33155276.0
1471032000000,27.04,27.05,27.015,27.0275,554996.0
1471248000000,27.1175,27.12,27.0825,27.1125,26244.0
1471262400000,27.12,27.385,27.02,27.3298,50369200.0
1471276800000,27.33,27.3825,27.2975,27.3775,44022928.0
1471291200000,27.375,27.4975,27.37,27.4925,4006024.0
1471334400000,27.4975,27.4975,27.4,27.435,369328.0
1471348800000,27.435,27.5575,27.375,27.4875,60362996.0
1471363200000,27.485,27.495,27.3025,27.345,64760992.0
1471377600000,27.345,27.37,27.3175,27.345,3632084.0
1471420800000,27.4075,27.4075,27.3325,27.375,40144.0
1471435200000,27.3725,27.375,27.085,27.1515,44608036.0
1471449600000,27.15,27.3425,27.1475,27.3,51661704.0
1471464000000,27.305,27.325,27.25,27.3075,326472.0
1471507200000,27.33,27.3475,27.265,27.265,30068.0
1471521600000,27.2875,27.4,27.26,27.3613,33322376.0
1471536000000,27.36,27.375,27.255,27.2703,39672352.0
1471550400000,27.27,27.339,27.265,27.2975,10725880.0
1471593600000,27.255,27.255,27.1975,27.2375,73432.0
1471608000000,27.22,27.3975,27.09,27.3929,52376152.0
1471622400000,27.395,27.4225,27.265,27.34,41099528.0
1471636800000,27.34,27.39,27.3,27.355,1804776.0
1471852800000,27.25,27.4125,27.25,27.3475,28416.0
1471867200000,27.3375,27.35,26.9625,27.035,50825540.0
1471881600000,27.035,27.1563,26.995,27.125,44256392.0
1471896000000,27.1275,27.14,27.025,27.07,936172.0
1471939200000,27.0875,27.2,27.0875,27.1675,38544.0
1471953600000,27.15,27.33,27.1225,27.219,39674404.0
1471968000000,27.2175,27.28,27.2,27.2075,31580684.0
1471982400000,27.2125,27.2875,27.2,27.22,2748516.0
1472025600000,27.235,27.245,27.205,27.2225,11392.0
1472040000000,27.215,27.2425,26.9813,27.0063,39026652.0
1472054400000,27.0075,27.1,26.92,27.01,45633652.0
1472068800000,27.0075,27.015,26.9625,26.975,1626748.0
1472112000000,27.01,27.01,26.8875,26.925,32556.0
1472457600000,26.675,26.7275,26.64,26.725,62056.0
1472472000000,26.7325,26.775,26.5725,26.6925,37974860.0
1472486400000,26.6925,26.86,26.675,26.705,49447784.0
1472500800000,26.705,26.72,26.63,26.655,1059768.0
1472544000000,26.6475,26.6475,25.875,26.33,1675928.0
1472558400000,26.3375,26.705,26.025,26.5075,55610040.0
1472572800000,26.5075,26.5575,26.3925,26.4975,37036552.0
1472587200000,26.5,26.5175,26.4721,26.4975,794072.0
1472630400000,26.48,26.5525,26.455,26.54,74216.0
1472644800000,26.5375,26.6425,26.41,26.5925,41073292.0
1472659200000,26.59,26.625,26.5025,26.5275,51197392.0
1472673600000,26.525,26.56,26.5,26.5,6108284.0
1472716800000,26.5675,26.62,26.5275,26.6125,133152.0
1472731200000,26.61,26.6175,26.405,26.5475,55711420.0
1472745600000,26.5472,26.7,26.53,26.6825,44751080.0
1472760000000,26.68,26.6875,26.56,26.685,367372.0
1472803200000,26.7275,26.77,26.7125,26.75,169476.0
1472817600000,26.7625,27.0,26.7125,26.815,45277488.0
1472832000000,26.8175,26.9425,26.705,26.9325,52745092.0
1472846400000,26.9325,26.9425,26.9,26.9275,1640448.0
1473148800000,26.985,27.045,26.97,27.0125,235264.0
1473163200000,27.0,27.075,26.91,26.97,44106768.0
1473177600000,26.9685,26.9875,26.8775,26.925,38609736.0
1473192000000,26.925,26.9675,26.9025,26.965,12388996.0
1473235200000,26.9875,27.07,26.975,26.9775,228316.0
1473249600000,27.0625,27.0625,26.82,26.8386,43852492.0
1473264000000,26.84,27.19,26.7675,27.0925,119005652.0
1473278400000,27.09,27.1025,26.8505,27.0375,2091080.0
1473321600000,27.0525,27.0625,26.8975,27.0,461440.0
1473336000000,27.0025,27.0625,26.41,26.515,106020212.0
1473350400000,26.515,26.5325,26.31,26.3775,92098100.0
1473364800000,26.38,26.4772,26.335,26.3575,5802416.0
1473408000000,26.3475,26.3575,26.2375,26.2875,163904.0
1473667200000,25.5025,25.645,25.455,25.6375,373172.0
1473681600000,25.6375,26.25,25.45,26.1338,81165068.0
1473696000000,26.1338,26.43,26.0575,26.36,82280272.0
1473710400000,26.37,26.45,26.1635,26.4275,5319984.0
1473753600000,26.32,26.7475,26.225,26.73,1147532.0
1473768000000,26.73,27.1975,26.3275,27.025,137850520.0
1473782400000,27.0213,27.12,26.93,27.005,96359124.0
1473796800000,26.99,27.04,26.95,26.9525,3139256.0
1473840000000,27.05,27.275,26.9825,27.2375,564784.0
1473854400000,27.215,28.1925,27.065,28.1592,211074324.0
1473868800000,28.1585,28.2575,27.7375,27.9425,219515404.0
1473883200000,27.95,28.1543,27.9,27.9775,4188352.0
1473926400000,27.9225,28.275,27.8925,28.2675,1053144.0
1473940800000,28.255,28.8775,28.1875,28.7463,208741584.0
1473955200000,28.7463,28.9325,28.6713,28.8925,133232672.0
1473969600000,28.89,28.9125,28.7511,28.85,6990296.0
1474012800000,28.8325,28.99,28.6875,28.7375,741788.0
1474027200000,28.8875,29.0325,28.6663,28.7025,158499568.0
1474041600000,28.7025,28.78,28.51,28.7275,100106500.0
1474056000000,28.73,28.768,28.5789,28.735,22479112.0
1474272000000,28.7625,28.8625,28.61,28.705,555392.0
1474286400000,28.72,29.045,28.4625,28.58,95355632.0
1474300800000,28.58,28.5925,28.3125,28.3825,82617332.0
1474315200000,28.3725,28.6625,28.3425,28.35,1765856.0
1474358400000,28.395,28.47,28.2575,28.2575,299068.0
1474372800000,28.275,28.53,28.1275,28.45,75531616.0
1474387200000,28.45,28.485,28.295,28.3925,55172952.0
1474401600000,28.3925,28.4225,28.35,28.4125,1451848.0
1474444800000,28.505,28.735,28.3075,28.55,189692.0
1474876800000,27.8225,28.0375,27.755,27.975,676692.0
1474891200000,27.995,28.3475,27.8625,28.2375,61050132.0
1474905600000,28.2375,28.2975,28.195,28.2175,44307168.0
1474920000000,28.22,28.2624,28.205,28.2325,2372108.0
1474963200000,28.385,28.385,28.21,28.3475,192260.0
1474977600000,28.3625,28.3625,28.085,28.1925,47991976.0
1474992000000,28.1925,28.295,28.145,28.2775,40222764.0
1475006400000,28.2725,28.2925,28.1827,28.2625,1778496.0
1475049600000,28.275,28.415,28.27,28.4,127756.0
1475064000000,28.385,28.66,28.355,28.4525,64817744.0
1475078400000,28.45,28.5375,28.3575,28.4875,46669116.0
1475092800000,28.4925,28.5075,28.4324,28.4625,1767428.0
1475136000000,28.4625,28.4625,28.2525,28.32,282432.0
1475150400000,28.335,28.45,28.05,28.1547,62074540.0
1475164800000,28.155,28.26,27.95,28.045,74395500.0
1475179200000,28.04,28.195,28.035,28.0475,1951652.0
1475222400000,27.9375,28.2125,27.8875,28.1275,207808.0
1475236800000,28.1275,28.3075,27.95,28.195,65389176.0
1475251200000,28.195,28.3425,28.195,28.2575,53589624.0
1475265600000,28.26,28.2675,28.2125,28.2625,5759624.0
1475481600000,28.2425,28.325,28.2375,28.3175,41748.0
1475496000000,28.3,28.3,28.0825,28.1386,35246172.0
1475510400000,28.1375,28.1975,28.07,28.1275,43196548.0
1475524800000,28.125,28.175,28.12,28.1575,1492184.0
1475568000000,28.1875,28.2375,28.11,28.11,56548.0
1475582400000,28.1875,28.5775,28.075,28.3445,64873300.0
1475596800000,28.3438,28.3825,28.1575,28.255,48610684.0
1475611200000,28.2575,28.3906,28.2175,28.2475,1446676.0
1475654400000,28.5725,28.5725,28.2725,28.3325,37388.0
1475668800000,28.325,28.415,28.1725,28.26,38496388.0
1475683200000,28.26,28.3175,28.22,28.26,38580904.0
1475697600000,28.2625,28.4775,28.2425,28.365,3437184.0
1475740800000,28.255,28.4575,28.2525,28.435,91180.0
1475755200000,28.415,28.5125,28.2,28.4757,55275408.0
1476172800000,29.1025,29.75,29.1025,29.5875,2953580.0
1476187200000,29.5625,29.6725,29.2475,29.2811,137066416.0
1476201600000,29.2815,29.3575,29.05,29.085,99851424.0
1476216000000,29.075,29.125,28.9375,29.1225,4918268.0
1476259200000,29.2325,29.3075,29.175,29.195,295588.0
1476273600000,29.1975,29.4375,29.0125,29.415,70143368.0
1476288000000,29.417,29.495,29.2775,29.3375,73016768.0
1476302400000,29.33,29.3475,29.265,29.3075,1544424.0
1476345600000,29.225,29.2325,29.17,29.22,382212.0
1476360000000,29.22,29.32,28.93,29.1475,78682160.0
1476374400000,29.15,29.36,29.1125,29.2475,55337116.0
1476388800000,29.245,29.2675,29.1775,29.245,2079816.0
1476432000000,29.3125,29.43,29.3125,29.43,208612.0
1476446400000,29.435,29.5425,29.1875,29.335,68441364.0
1476460800000,29.3351,29.475,29.3225,29.4075,62830804.0
1476475200000,29.4075,29.4275,29.39,29.4075,2633568.0
1476691200000,29.3775,29.5,29.3,29.4125,86836.0
1476705600000,29.4125,29.4875,29.195,29.3175,45676456.0
1476720000000,29.3175,29.3916,29.2332,29.3875,39358360.0
1476734400000,29.3825,29.45,29.2769,29.4475,3197912.0
1476777600000,29.475,29.5775,29.475,29.5525,165432.0
1476792000000,29.55,29.625,29.325,29.5088,47545356.0
1476806400000,29.51,29.5475,29.3625,29.3625,40701796.0
1476820800000,29.3675,29.3675,29.305,29.3525,5732584.0
1476864000000,29.27,29.4375,29.25,29.4375,55152.0
1476878400000,29.425,29.44,28.45,29.26,38429020.0
1476892800000,29.2587,29.395,29.2275,29.28,36040824.0
1476907200000,29.28,29.325,29.185,29.2575,1075252.0
1476950400000,29.305,29.335,29.15,29.1875,61012.0
1476964800000,29.2975,29.3275,29.0825,29.2425,45189820.0
1476979200000,29.245,29.345,29.2025,29.2525,44809976.0
1476993600000,29.265,29.315,29.255,29.305,1102052.0
1477036800000,29.2925,29.2925,29.18,29.2225,47976.0
1477468800000,28.5875,28.75,28.4975,28.74,1132944.0
1477483200000,28.7425,28.8125,28.3275,28.7325,159766052.0
1477497600000,28.73,28.925,28.6525,28.8975,85481376.0
1477512000000,28.8975,28.915,28.8625,28.885,6114632.0
1477555200000,28.925,28.9875,28.905,28.9175,97808.0
1477569600000,28.92,28.965,28.69,28.789,49561472.0
1477584000000,28.79,28.8125,28.525,28.625,49397360.0
1477598400000,28.62,28.7132,28.525,28.5675,13170064.0
1477641600000,28.5,28.625,28.45,28.55,55280.0
1477656000000,28.535,28.7775,28.4625,28.75,45796724.0
1477670400000,28.7475,28.8025,28.3625,28.43,87677812.0
1477684800000,28.43,28.4475,28.38,28.4025,6644440.0
1477900800000,28.4725,28.4875,28.35,28.43,49380.0
1477915200000,28.445,28.485,28.3,28.431,46213644.0
1477929600000,28.4313,28.5575,28.385,28.39,40363796.0
1477944000000,28.385,28.4677,28.3775,28.385,5994064.0
1477987200000,28.445,28.445,28.4125,28.4125,26336.0
1478001600000,28.435,28.4425,28.0525,28.0675,53191932.0
1478016000000,28.0675,28.07,27.6325,27.8725,107511460.0
1478030400000,27.8725,27.89,27.825,27.85,4216292.0
1478073600000,27.8,27.8425,27.675,27.805,104868.0
1478088000000,27.7875,28.0875,27.75,28.0075,47723456.0
1478102400000,28.0075,28.055,27.8775,27.9,58123336.0
1478116800000,27.9025,27.9025,27.6875,27.7275,1572184.0
1478160000000,27.685,27.7925,27.6625,27.79,89268.0
1478174400000,27.735,27.865,27.5875,27.61,33639780.0
1478188800000,27.6117,27.635,27.3875,27.455,61626640.0
1478203200000,27.4525,27.4625,27.3575,27.4125,5334380.0
1478246400000,27.4575,27.5025,27.325,27.4075,56240.0
1478260800000,27.395,27.4788,26.9275,27.4598,59929392.0
1478275200000,27.4588,27.5625,27.185,27.21,53568244.0
1478289600000,27.21,27.2375,27.1625,27.2,2812608.0
1478505600000,27.6625,27.7025,27.54,27.5925,82356.0
1478768400000,27.885,28.0,27.7175,27.75,298408.0
1478782800000,27.7475,27.925,26.4575,26.85,131950276.0
1478797200000,26.8475,27.2,26.775,26.9475,85814000.0
1478811600000,26.9488,27.08,26.885,26.925,2697004.0
1478854800000,26.875,26.875,26.625,26.74,141228.0
1478869200000,26.7425,27.12,26.6375,27.0425,70587916.0
1478883600000,27.0425,27.2175,26.99,27.105,56621208.0
1478898000000,27.1075,27.1475,27.1,27.13,1660764.0
1479114000000,27.195,27.2125,27.0325,27.11,59592.0
1479128400000,27.1,27.11,26.02,26.3313,115492644.0
1479142800000,26.3363,26.575,26.14,26.425,78680616.0
1479157200000,26.415,26.475,26.3375,26.375,3198532.0
1479200400000,26.4675,26.5,26.4,26.4375,94728.0
1479214800000,26.45,26.92,26.4025,26.68,65647380.0
1479229200000,26.68,26.9025,26.5875,26.7775,52710276.0
1479243600000,26.7775,26.79,26.6782,26.7775,2711420.0
1479286800000,26.7775,26.8525,26.625,26.64,58880.0
1479301200000,26.665,27.435,26.575,27.3688,137340476.0
1479315600000,27.3688,27.5575,27.33,27.5025,88615748.0
1479330000000,27.4975,27.525,27.1657,27.4975,1154636.0
1479373200000,27.4975,27.5325,27.44,27.48,31356.0
1479387600000,27.475,27.5875,27.2075,27.375,54325680.0
1479402000000,27.375,27.49,27.3511,27.485,46803072.0
1479416400000,27.485,27.51,27.3025,27.4625,4080352.0
1479459600000,27.385,27.4225,27.2825,27.4225,51448.0
1479474000000,27.3875,27.635,27.3875,27.4725,52056024.0
1479488400000,27.4725,27.555,27.4275,27.515,48624800.0
1479502800000,27.5175,27.75,27.468,27.5675,7691184.0
1479718800000,27.55,27.6125,27.52,27.5775,58980.0
1479733200000,27.5775,27.9725,27.5,27.9225,50687472.0
1479747600000,27.9225,27.9975,27.8375,27.9325,49646880.0
1479762000000,27.94,27.96,27.6366,27.95,7274336.0
1479805200000,28.0,28.0275,27.975,28.01,177984.0
1479819600000,27.9975,28.105,27.85,27.9425,44950932.0
1480064400000,27.6775,27.7675,27.6125,27.76,17528.0
1480078800000,27.78,27.9575,27.7375,27.9562,29922396.0
1480093200000,27.9564,27.9675,27.8775,27.9425,14682932.0
1480107600000,27.9325,27.95,27.9325,27.9375,11768.0
1480323600000,27.9125,27.9125,27.795,27.865,75068.0
1480338000000,27.8975,28.1163,27.8475,27.9773,44916836.0
1480352400000,27.9775,28.0,27.8625,27.895,40973580.0
1480366800000,27.8925,27.8975,27.875,27.875,4200120.0
1480410000000,27.8825,27.9,27.65,27.725,231108.0
1480424400000,27.745,28.0075,27.5175,28.0038,60993144.0
1480438800000,28.0038,28.005,27.735,27.865,43052060.0
1480453200000,27.8625,27.875,27.8325,27.865,1555920.0
1480496400000,27.865,27.935,27.865,27.875,6840.0
1480510800000,27.935,28.05,27.635,27.6725,50861812.0
1480525200000,27.6725,27.8013,27.5675,27.63,57404068.0
1480539600000,27.6275,27.6625,27.625,27.6625,9484640.0
1480582800000,27.56,27.56,27.475,27.525,139924.0
1480597200000,27.525,27.735,27.3125,27.5375,68899828.0
1480611600000,27.5358,27.5675,27.2575,27.3675,60959516.0
1480626000000,27.3675,27.425,27.3355,27.425,5884716.0
1480669200000,27.325,27.3275,27.19,27.3,47604.0
1480683600000,27.3025,27.5225,27.2125,27.4,54165928.0
1480698000000,27.3975,27.4975,27.37,27.4725,42044420.0
1480712400000,27.465,27.495,27.4375,27.46,1594604.0
1480928400000,27.5025,27.6375,27.475,27.525,76440.0
1480942800000,27.5375,27.64,27.0625,27.2417,64269044.0
1480957200000,27.2413,27.3575,27.2075,27.275,55737420.0
1480971600000,27.2775,27.3125,27.2625,27.2775,5105192.0
1481014800000,27.335,27.6125,27.275,27.6,240192.0
1481029200000,27.5875,27.6,27.2975,27.3725,49303204.0
1481043600000,27.3725,27.5075,27.3375,27.485,45336444.0
1481058000000,27.4875,27.495,27.445,27.4825,2273608.0
1481101200000,27.52,27.5625,27.2625,27.2625,174640.0
1481115600000,27.31,27.5225,27.2075,27.4263,43212196.0
1481130000000,27.4275,27.7975,27.3975,27.7525,63900668.0
1481144400000,27.755,27.7625,27.7,27.7125,1772700.0
1481187600000,27.7375,27.7375,27.6375,27.69,66252.0
1481202000000,27.7275,28.095,27.625,28.01,49251076.0
1481216400000,28.011,28.1075,27.9475,28.0275,48216696.0
1481533200000,28.355,28.355,28.2125,28.32,100628.0
1481547600000,28.2875,28.42,28.1225,28.2525,53496500.0
1481562000000,28.2525,28.75,28.1709,28.3225,41537760.0
1481576400000,28.3175,28.325,28.2625,28.2825,943728.0
1481619600000,28.2825,28.4375,28.2825,28.41,46344.0
1481634000000,28.435,28.9625,28.325,28.9475,84305196.0
1481648400000,28.9475,28.98,28.765,28.7975,75629736.0
1481662800000,28.7975,28.8275,28.7675,28.82,4072500.0
1481706000000,28.8125,28.8975,28.7575,28.8,57684.0
1481720400000,28.8125,29.05,28.7075,28.9225,49731644.0
1481734800000,28.9225,29.0075,28.76,28.8,71235440.0
1481749200000,28.8025,28.8325,28.7625,28.8225,4224352.0
1481792400000,28.755,28.755,28.67,28.7175,124896.0
1481806800000,28.68,29.1825,28.68,29.0125,57311504.0
1481821200000,29.0125,29.0875,28.8525,28.955,108688528.0
1481835600000,28.955,29.0,28.8875,28.975,7701124.0
1481878800000,28.8825,29.075,28.8375,29.0625,102188.0
1481893200000,29.0625,29.1325,28.9113,29.0288,76632700.0
1481907600000,29.03,29.0475,28.94,28.9931,50081520.0
1481922000000,29.0,29.0,28.965,28.98,13550504.0
1482138000000,28.955,29.0,28.9,28.98,58872.0
1482152400000,28.9475,29.345,28.9175,29.2075,53873556.0
1482166800000,29.2063,29.3,29.095,29.1575,45772192.0
1482181200000,29.165,29.19,29.1125,29.16,1589192.0
1482224400000,29.125,29.1975,29.0675,29.155,68732.0
1482238800000,29.1625,29.375,29.125,29.2404,35849012.0
1482253200000,29.2413,29.2875,29.18,29.2375,32380804.0
1482267600000,29.25,29.2525,29.2125,29.24,4641984.0
1482310800000,29.2175,29.2175,29.165,29.1775,23052.0
1482325200000,29.2125,29.3375,29.1875,29.2485,36501984.0
1482339600000,29.2484,29.35,29.205,29.265,49838648.0
1482354000000,29.275,29.285,29.25,29.25,2795504.0
1482397200000,29.0,29.17,29.0,29.1625,74220.0
1482411600000,29.1225,29.265,28.91,28.935,44650996.0
1482426000000,28.935,29.0725,28.9175,29.0725,46656264.0
1482440400000,29.07,29.075,28.9875,29.0,3278924.0
1482483600000,28.9775,29.0175,28.9575,28.9575,28828.0
1482829200000,29.1375,29.23,29.1375,29.185,33564.0
1482843600000,29.225,29.45,29.1225,29.4,38164880.0
1482858000000,29.4025,29.4075,29.3,29.3125,27632956.0
1482872400000,29.3175,29.345,29.305,29.315,1941908.0
1482915600000,29.345,29.3925,29.3125,29.3925,13312.0
1482930000000,29.395,29.5042,29.1925,29.29,40192216.0
1482944400000,29.2875,29.2888,29.05,29.1875,38127984.0
1482958800000,29.185,29.19,29.1475,29.1625,513344.0
1483002000000,29.1775,29.1775,29.15,29.16,4804.0
1483016400000,29.165,29.2774,29.1,29.1263,28268344.0
1483030800000,29.1263,29.1925,29.12,29.1825,27191236.0
1483045200000,29.1725,29.205,29.1525,29.205,586100.0
1483088400000,29.25,29.3225,29.12,29.27,70144.0
1483102800000,29.2775,29.3,29.01,29.085,33592144.0
1483117200000,29.0825,29.0875,28.8575,28.96,66276344.0
1483131600000,28.96,29.0832,28.8675,28.8975,6118580.0
1483434000000,29.005,29.095,29.0,29.005,128664.0
1483448400000,29.02,29.1,28.69,28.8439,55383308.0
1483462800000,28.8475,29.035,28.7875,29.035,46130468.0
1483477200000,29.0225,29.0625,28.8968,29.0175,3479236.0
1483520400000,28.9925,29.075,28.95,28.95,141516.0
1483534800000,28.9625,29.1275,28.9225,29.0925,38594128.0
1483549200000,29.0925,29.095,28.975,29.005,36122264.0
1483563600000,29.005,29.0125,28.985,29.0,1189756.0
1483606800000,28.9625,28.985,28.9425,28.945,15208.0
1483621200000,28.9975,29.2161,28.945,29.0725,43841320.0
1483635600000,29.0725,29.205,29.0525,29.1525,39425184.0
1483650000000,29.1525,29.18,29.13,29.175,1100620.0
1483693200000,29.1425,29.2025,29.1425,29.175,10964.0
1483707600000,29.1525,29.4925,29.0,29.4828,60024764.0
1483722000000,29.4836,29.54,29.4113,29.4775,56569436.0
1483736400000,29.4775,29.5244,29.3933,29.46,2597200.0
1483952400000,29.5,29.5425,29.3775,29.525,144244.0
1483966800000,29.52,29.8575,29.4725,29.745,69995968.0
1483981200000,29.7425,29.845,29.68,29.75,48428248.0
1483995600000,29.7525,29.7625,29.7,29.7275,5478256.0
1484038800000,29.7875,29.7925,29.75,29.775,21668.0
1484053200000,29.7825,29.845,29.575,29.7875,47731308.0
1484067600000,29.7864,29.83,29.6925,29.7775,37081148.0
1484082000000,29.775,29.7875,29.7525,29.7875,4501416.0
1484125200000,29.7775,29.7775,29.6875,29.6875,77660.0
1484139600000,29.715,29.84,29.6525,29.7638,39351736.0
1484154000000,29.765,29.9825,29.65,29.9325,60159868.0
1484168400000,29.94,29.95,29.925,29.9375,2958056.0
1484211600000,29.9,29.9,29.6925,29.7,498100.0
1484226000000,29.7125,29.875,29.5525,29.6625,57062496.0
1484240400000,29.665,29.825,29.6525,29.8125,42875452.0
1484254800000,29.81,29.8125,29.78,29.7975,1106788.0
1484298000000,29.795,29.8125,29.7775,29.8,19712.0
1484312400000,29.8,29.905,29.715,29.781,42131316.0
1484326800000,29.7825,29.795,29.7025,29.7575,51883284.0
1484341200000,29.755,29.7625,29.725,29.755,1808364.0
1484643600000,29.685,29.685,29.5675,29.6825,99504.0
1484658000000,29.665,30.06,29.555,30.0138,72567396.0
1484672400000,30.0125,30.0175,29.895,29.9975,49471576.0
1484686800000,29.995,30.0,29.7875,29.99,9484856.0
1484730000000,30.0,30.05,29.975,30.015,66804.0
1484744400000,30.0175,30.125,29.9275,29.965,48784368.0
1484758800000,29.965,30.0625,29.9575,29.9925,34323164.0
1484773200000,29.99,30.0175,29.98,29.995,3550696.0
1484816400000,29.9775,30.0625,29.9275,29.9375,234796.0
1484830800000,29.98,30.0225,29.78,30.0025,47899592.0
1484845200000,30.0025,30.0075,29.8775,29.9425,42136248.0
1484859600000,29.94,30.0325,29.9175,29.9575,4721036.0
1484902800000,29.9475,30.05,29.945,30.05,94708.0
1484917200000,30.05,30.1125,29.875,30.025,45699116.0
1484931600000,30.025,30.0425,29.9337,29.9975,56934116.0
1484946000000,29.995,30.015,29.995,30.01,13561244.0
1485162000000,29.875,29.9625,29.875,29.9375,100172.0
1485248400000,29.875,29.875,29.7275,29.8425,354800.0
1485262800000,29.825,30.025,29.825,29.995,40851340.0
1485277200000,29.9938,30.025,29.9675,29.9925,44359420.0
1485291600000,29.9875,30.0075,29.9775,29.995,2320608.0
1485334800000,30.025,30.11,30.025,30.09,68216.0
1485349200000,30.095,30.4225,30.0425,30.3215,61949216.0
1485363600000,30.32,30.525,30.31,30.475,58867244.0
1485378000000,30.4775,30.4825,30.45,30.4625,2644652.0
1485421200000,30.5,30.52,30.4575,30.4575,20460.0
1485435600000,30.495,30.61,30.4,30.455,41751060.0
1485450000000,30.455,30.53,30.4125,30.485,48276000.0
1485464400000,30.485,30.525,30.4575,30.48,1904068.0
1485507600000,30.4675,30.5125,30.4625,30.4775,17616.0
1485522000000,30.4775,30.5875,30.4675,30.495,32506092.0
1485536400000,30.495,30.525,30.4,30.43,41593560.0
1485550800000,30.465,30.4925,30.255,30.3875,1117068.0
1485766800000,30.2575,30.3,30.2325,30.2975,112096.0
1485781200000,30.2775,30.425,30.165,30.3125,60126320.0
1485795600000,30.3135,30.405,30.2725,30.39,51410596.0
1485810000000,30.405,30.475,30.3138,30.4625,2145748.0
1485853200000,30.3375,30.425,30.305,30.3475,110708.0
1485867600000,30.4,30.4,30.1775,30.28,63668612.0
1485882000000,30.28,30.3325,30.155,30.325,90218808.0
1485896400000,30.3375,31.4025,29.765,31.255,34894632.0
1485939600000,31.125,31.715,31.125,31.6825,2984408.0
1485954000000,31.6875,32.12,31.2,32.0825,236637636.0
1485968400000,32.0825,32.6225,32.0775,32.1875,191244880.0
1485982800000,32.2375,32.295,32.1875,32.2025,5594264.0
1486026000000,32.125,32.1325,32.0175,32.1,214976.0
1486040400000,32.0875,32.3475,31.975,32.0013,71654380.0
1486054800000,32.0013,32.1375,31.945,32.1275,51966808.0
1486069200000,32.1325,32.1325,32.0003,32.0125,5044520.0
1486112400000,32.01,32.1225,32.01,32.12,31996.0
1486544400000,32.9125,32.97,32.8975,32.9,115440.0
1486558800000,32.925,32.95,32.8,32.855,37196372.0
1486573200000,32.8563,33.055,32.8553,33.01,48319772.0
1486587600000,33.01,33.05,33.0025,33.025,2398428.0
1486630800000,32.9925,32.9925,32.88,32.915,158276.0
1486645200000,32.915,33.04,32.78,32.9691,44572844.0
1486659600000,32.9688,33.1113,32.94,33.1025,50424884.0
1486674000000,33.105,33.1175,33.0675,33.1125,12837860.0
1486717200000,33.12,33.1875,32.9625,33.065,162632.0
1486731600000,33.0875,33.235,33.0,33.09,37644980.0
1486746000000,33.0925,33.14,33.015,33.03,34407540.0
1486760400000,33.0275,33.0425,33.0,33.0125,1850228.0
1486976400000,33.1,33.15,33.03,33.125,137892.0
1486990800000,33.125,33.455,32.9475,33.4263,46577444.0
1487005200000,33.425,33.445,33.295,33.3225,35175800.0
1487019600000,33.3225,33.3675,33.3,33.3475,2977652.0
1487062800000,33.2675,33.42,33.2675,33.4,85460.0
1487077200000,33.395,33.5975,33.25,33.57,52976872.0
1487091600000,33.5725,33.7725,33.5425,33.7525,65175868.0
1487106000000,33.7525,33.8725,33.705,33.86,8607904.0
1487149200000,33.925,34.0925,33.875,33.875,638612.0
1487163600000,33.8875,34.0675,33.675,33.7713,77345264.0
1487178000000,33.77,33.88,33.655,33.8775,55794984.0
1487192400000,33.875,33.8975,33.8525,33.895,2205136.0
1487235600000,33.9125,34.005,33.8575,33.8575,176964.0
1487250000000,33.9025,33.975,33.71,33.8006,44490996.0
1487264400000,33.8,33.8675,33.76,33.8363,37524184.0
1487278800000,33.8325,33.8375,33.8075,33.825,805656.0
1487322000000,33.8725,33.8725,33.7,33.77,72488.0
1487336400000,33.7525,33.9475,33.7125,33.8475,42393324.0
1487350800000,33.8475,33.9375,33.82,33.9275,31603920.0
1487365200000,33.925,33.93,33.865,33.9175,3963944.0
1487667600000,34.005,34.15,34.0025,34.0975,268992.0
1487840400000,34.29,34.3425,34.2875,34.32,45860.0
1487854800000,34.3175,34.375,34.075,34.15,45370628.0
1487869200000,34.15,34.2325,34.095,34.1325,29860056.0
1487883600000,34.1325,34.15,34.0925,34.1125,2349280.0
1487926800000,34.0375,34.0375,33.655,33.78,358092.0
1487941200000,33.8225,34.025,33.655,33.9625,42039240.0
1487955600000,33.9613,34.1625,33.9453,34.16,35694184.0
1487970000000,34.155,34.1725,34.1425,34.1575,1962092.0
1488186000000,34.125,34.325,34.125,34.25,330556.0
1488200400000,34.25,34.3588,34.07,34.25,44222792.0
1488214800000,34.2517,34.31,34.2025,34.235,26183128.0
1488229200000,34.2325,34.235,34.175,34.18,4282684.0
1488272400000,34.2675,34.325,34.21,34.2975,129148.0
1488286800000,34.305,34.3588,34.2075,34.3225,31717524.0
1488301200000,34.3213,34.325,34.175,34.2475,45327640.0
1488315600000,34.245,34.2625,34.225,34.2625,3835516.0
1488358800000,34.3125,34.4625,34.3125,34.4475,284556.0
1488373200000,34.44,34.935,34.3988,34.9175,58785380.0
1488387600000,34.9175,35.0375,34.88,34.9475,75157040.0
1488402000000,34.9425,34.9975,34.915,34.9975,3849116.0
1488445200000,35.0,35.0,34.8875,34.9875,78560.0
1488459600000,34.9875,35.0697,34.8075,34.9,45641400.0
1488474000000,34.9,34.9325,34.69,34.7325,48975768.0
1488488400000,34.7325,34.775,34.6525,34.75,2341556.0
1488531600000,34.72,34.745,34.6375,34.6575,67276.0
1488546000000,34.725,34.8375,34.645,34.7925,30878140.0
1488560400000,34.7925,34.9575,34.7537,34.9425,41323324.0
1488574800000,34.9325,34.945,34.8175,34.92,5041180.0
1488790800000,34.85,34.885,34.8125,34.8375,70536.0
1488805200000,34.825,34.9425,34.65,34.6775,37415164.0
1488819600000,34.6761,34.885,34.649,34.83,37083020.0
1488834000000,34.835,34.8625,34.82,34.8375,5242068.0
1488877200000,34.7625,34.78,34.7625,34.78,59264.0
1488891600000,34.8,34.995,34.6975,34.9225,33023408.0
1489136400000,34.8225,34.85,34.7875,34.8,79920.0
1489150800000,34.81,34.8525,34.66,34.7975,35701392.0
1489165200000,34.7963,34.83,34.6925,34.7875,33112924.0
1489179600000,34.785,34.7975,34.755,34.78,4050112.0
1489395600000,34.73,34.7375,34.655,34.715,1045148.0
1489410000000,34.71,34.8575,34.6925,34.7788,37178572.0
1489424400000,34.7781,34.8425,34.7738,34.805,23614304.0
1489438800000,34.8125,34.825,34.8,34.8125,187752.0
1489467600000,34.75,34.75,34.75,34.75,1152.0
1489482000000,34.75,34.8,34.7125,34.7375,101324.0
1489496400000,34.7475,34.9125,34.71,34.76,35326256.0
1489510800000,34.76,34.79,34.7125,34.75,21641160.0
1489525200000,34.7475,34.755,34.735,34.7375,69312.0
1489554000000,34.7925,34.7925,34.7925,34.7925,3680.0
1489568400000,34.83,34.8425,34.7825,34.805,161964.0
1489582800000,34.81,35.035,34.7563,34.9859,40854492.0
1489597200000,34.9875,35.1875,34.9325,35.105,54840628.0
1489611600000,35.1175,35.1425,35.105,35.13,199664.0
1489640400000,35.1875,35.245,35.1875,35.225,10916.0
1489654800000,35.22,35.25,35.115,35.155,453992.0
1489669200000,35.17,35.255,35.065,35.2,45423592.0
1489683600000,35.2025,35.2025,35.095,35.18,26754132.0
1489698000000,35.175,35.175,35.04,35.1525,229664.0
1489726800000,35.1375,35.1725,35.1375,35.1725,6188.0
1489741200000,35.1725,35.225,35.1425,35.225,206892.0
1489755600000,35.2075,35.275,35.1045,35.1875,72277656.0
1489770000000,35.1866,35.2375,34.9725,35.005,57987668.0
1489784400000,35.005,35.025,34.99,35.0,458220.0
1489986000000,35.035,35.035,35.0,35.02,8688.0
1490000400000,35.0025,35.1225,35.0025,35.075,456808.0
1490014800000,35.0825,35.335,35.0575,35.2773,42848812.0
1490029200000,35.2773,35.38,35.2125,35.3675,35661208.0
1490043600000,35.3625,35.39,35.3625,35.3875,2273020.0
1490072400000,35.3975,35.4575,35.3975,35.455,11204.0
1490086800000,35.465,35.55,35.4275,35.53,913120.0
1490101200000,35.5225,35.7,35.08,35.1425,87279184.0
1490115600000,35.1425,35.4,34.9275,34.9275,63415108.0
1490130000000,34.9275,34.9675,34.8375,34.8375,338652.0
1490158800000,34.8125,34.8125,34.685,34.735,21524.0
1490173200000,34.6775,34.8975,34.6675,34.8775,730160.0
1490187600000,34.895,35.3473,34.875,35.2475,62670500.0
1490202000000,35.245,35.4,35.1575,35.3125,33579028.0
1490601600000,34.9875,34.9875,34.87,34.91,289244.0
1490616000000,34.91,35.17,34.655,35.1425,45718000.0
1490630400000,35.145,35.305,35.0,35.22,35405604.0
1490644800000,35.22,35.275,35.215,35.275,4979648.0
1490688000000,35.285,35.2975,35.225,35.24,87500.0
1490702400000,35.2875,35.6875,35.155,35.645,49008824.0
1490716800000,35.6425,36.01,35.6375,35.9525,71619904.0
1490731200000,35.9625,35.9725,35.9075,35.925,2270740.0
1490774400000,35.925,35.9975,35.855,35.885,124652.0
1490788800000,35.885,36.05,35.7975,35.8863,53329348.0
1490803200000,35.8852,36.1225,35.8775,36.04,55756240.0
1490817600000,36.03,36.0625,36.02,36.0625,3955120.0
1490860800000,36.1125,36.1175,36.05,36.09,146644.0
1490875200000,36.07,36.125,35.875,35.9425,37252600.0
1490889600000,35.9404,36.05,35.875,35.98,35338368.0
1490904000000,35.9825,35.9875,35.9425,35.9425,7748024.0
1490947200000,35.88,35.925,35.8775,35.925,48964.0
1490961600000,35.9,36.0675,35.7525,35.96,31225744.0
1490976000000,35.9604,36.03,35.8775,35.9175,33558332.0
1490990400000,35.9225,35.9565,35.9025,35.9025,2340932.0
1491206400000,35.9,35.975,35.9,35.9375,73832.0
1491220800000,35.9375,36.03,35.8075,35.8463,39201728.0
1491235200000,35.8475,35.975,35.7625,35.925,32297588.0
1491249600000,35.925,35.9325,35.8957,35.9075,3107532.0
1491292800000,35.8375,35.9025,35.8,35.8125,69748.0
1491307200000,35.85,36.12,35.7925,36.0675,38416236.0
1491321600000,36.0675,36.2225,36.0075,36.19,36568160.0
1491336000000,36.1925,36.22,36.0483,36.2175,986468.0
1491379200000,36.175,36.175,36.125,36.1625,67216.0
1491393600000,36.1675,36.3475,35.8175,36.3,52417816.0
1491408000000,36.3,36.365,35.9525,36.005,52135340.0
1491422400000,36.005,36.1909,35.8125,35.88,2675160.0
1491465600000,35.9075,36.06,35.9075,36.025,155412.0
1491480000000,36.025,36.13,35.8675,36.0179,40271424.0
1491494400000,36.0225,36.105,35.8625,35.9175,34536856.0
1491508800000,35.915,35.9733,35.9,35.925,1534280.0
1491552000000,35.8775,35.95,35.825,35.9,40808.0
1491811200000,35.925,35.9875,35.8775,35.92,39984.0
1491825600000,35.9125,35.9698,35.7875,35.8125,26240428.0
1491840000000,35.8125,35.94,35.725,35.79,36208232.0
1491854400000,35.79,35.8418,35.765,35.7875,5641276.0
1491897600000,35.725,35.775,35.7025,35.775,42880.0
1491912000000,35.775,35.8375,35.015,35.2075,64982652.0
1491926400000,35.2075,35.5375,35.1825,35.405,50624724.0
1491940800000,35.4025,35.4271,35.3275,35.3725,1747124.0
1491984000000,35.4825,35.5625,35.35,35.35,56884.0
1491998400000,35.35,35.5375,35.2663,35.3375,32610132.0
1492012800000,35.34,35.4525,35.2525,35.4475,42487572.0
1492027200000,35.45,35.485,35.425,35.485,1104900.0
1492070400000,35.4625,35.4625,35.355,35.3625,49736.0
1492084800000,35.3725,35.595,35.36,35.545,27535208.0
1492099200000,35.545,35.5475,35.2625,35.2675,37159232.0
1492113600000,35.2625,35.3075,35.25,35.265,1685744.0
1492416000000,35.2775,35.41,35.2775,35.41,12472.0
1492430400000,35.405,35.4825,35.2175,35.275,30928556.0
1492444800000,35.275,35.4675,35.2725,35.4575,27692636.0
1492459200000,35.45,35.475,35.445,35.45,2679276.0
1492502400000,35.4075,35.42,35.325,35.4,114148.0
1492516800000,35.375,35.51,35.3025,35.335,26589200.0
1492531200000,35.3325,35.3903,35.2775,35.305,26481512.0
1492545600000,35.295,35.3325,35.295,35.3325,2104284.0
1492588800000,35.35,35.405,35.35,35.4,23988.0
1492603200000,35.395,35.5,35.38,35.45,28494152.0
1492617600000,35.4475,35.4509,35.1125,35.165,35400900.0
1492632000000,35.17,35.235,35.1575,35.23,1443240.0
1492675200000,35.25,35.35,35.25,35.325,84992.0
1492689600000,35.325,35.575,35.275,35.575,35737104.0
1492704000000,35.5775,35.73,35.57,35.61,47839084.0
1492718400000,35.615,35.6725,35.5825,35.605,2070660.0
1492761600000,35.5775,35.675,35.5775,35.6325,38580.0
1492776000000,35.6575,35.67,35.5275,35.6075,30835432.0
1492790400000,35.61,35.6125,35.4625,35.5675,29627560.0
1492804800000,35.5675,35.59,35.515,35.56,2297988.0
1493020800000,36.0025,36.05,35.9,35.91,131188.0
1493035200000,35.905,35.9875,35.5675,35.9,31438680.0
1493049600000,35.9025,35.9725,35.885,35.9075,28736116.0
1493064000000,35.9025,35.945,35.9,35.945,2386560.0
1493107200000,35.985,35.99,35.9625,35.99,45288.0
1493121600000,35.99,36.175,35.925,36.1425,31408356.0
1493136000000,36.145,36.225,36.1075,36.1325,33639048.0
1493150400000,36.1325,36.1325,36.065,36.12,5817124.0
1493193600000,36.18,36.225,36.0925,36.15,199096.0
1493208000000,36.125,36.175,35.9525,36.01,34024108.0
1493222400000,36.0075,36.15,35.8441,35.915,39565700.0
1493236800000,35.9175,35.9675,35.9025,35.9675,862892.0
1493280000000,35.9375,35.9975,35.8825,35.945,84364.0
1493294400000,35.96,36.04,35.8275,35.9075,24447288.0
1493308800000,35.9075,35.975,35.8725,35.9475,23531816.0
1493323200000,35.95,35.99,35.875,35.975,1502836.0
1493366400000,35.99,36.0,35.965,35.995,52744.0
1493380800000,35.975,36.045,35.8175,35.9875,30081292.0
1493395200000,35.9863,36.075,35.8625,35.91,37116856.0
1493409600000,35.9125,35.975,35.8775,35.975,5661296.0
1493625600000,36.0025,36.12,36.0025,36.0875,110380.0
1493640000000,36.075,36.575,35.9125,36.5625,54889872.0
1493654400000,36.5625,36.8,36.51,36.64,64850900.0
1493668800000,36.67,36.7175,36.645,36.7,6938672.0
1493712000000,36.645,36.7425,36.6,36.7175,401912.0
1493726400000,36.725,37.0225,36.66,36.9233,70829448.0
1493740800000,36.9238,36.965,36.71,36.8675,76987624.0
1493755200000,36.865,37.25,35.9525,36.2,22085092.0
1493798400000,36.2475,36.6675,36.0875,36.575,1495944.0
1493812800000,36.565,36.65,36.0675,36.5288,91740108.0
1493827200000,36.5275,36.8725,36.525,36.765,80868188.0
1493841600000,36.755,36.765,36.4575,36.6875,3059656.0
1494316800000,38.3125,38.4375,38.3,38.345,207848.0
1494331200000,38.3375,38.72,38.1675,38.485,84363272.0
1494345600000,38.4867,38.6325,38.3625,38.495,53749628.0
1494360000000,38.4925,38.5225,38.325,38.325,9467872.0
1494403200000,38.395,38.395,38.2625,38.305,290348.0
1494417600000,38.3175,38.4975,38.0275,38.256,52384032.0
1494432000000,38.257,38.41,38.21,38.315,43957080.0
1494446400000,38.31,38.35,38.3,38.35,810032.0
1494489600000,38.3225,38.3225,38.105,38.13,169356.0
1494504000000,38.145,38.39,38.0775,38.15,51571268.0
1494518400000,38.1509,38.5175,38.1425,38.485,44188912.0
1494532800000,38.505,38.5075,38.15,38.47,3661916.0
1494576000000,38.565,38.6475,38.525,38.6325,348296.0
1494590400000,38.6325,39.105,38.565,39.03,74248828.0
1494604800000,39.03,39.0575,38.8847,39.025,49268940.0
1494619200000,39.025,39.04,39.0,39.0175,1761184.0
1494835200000,39.175,39.25,39.0375,39.0875,162180.0
1494849600000,39.0975,39.1625,38.7625,38.8175,48902536.0
1494864000000,38.815,38.9275,38.7688,38.92,37160768.0
1494878400000,38.89,38.96,38.8682,38.915,7156480.0
1494921600000,38.975,39.0475,38.95,39.0425,44456.0
1494936000000,39.0375,39.065,38.68,38.825,39474688.0
1494950400000,38.8275,38.87,38.7425,38.8675,35170836.0
1494964800000,38.8675,38.875,38.64,38.665,2636652.0
1495008000000,38.6875,38.7375,38.6275,38.695,172412.0
1495022400000,38.6775,38.8675,37.5,38.0775,92754892.0
1495036800000,38.0775,38.1025,37.4275,37.55,93907952.0
1495051200000,37.5625,37.7325,37.5425,37.7325,2972588.0
1495094400000,37.625,37.685,37.4025,37.645,343640.0
1495108800000,37.6275,38.335,37.4025,37.9338,69473816.0
1495612800000,38.5125,38.55,38.475,38.5,29940.0
1495627200000,38.5,38.5425,38.1675,38.2225,34403240.0
1495641600000,38.22,38.3725,38.2125,38.325,37206640.0
1495656000000,38.32,38.34,38.3,38.3125,1750964.0
1495699200000,38.3575,38.4525,38.3575,38.4275,119504.0
1495713600000,38.4375,38.525,38.2575,38.4325,37247352.0
1495728000000,38.435,38.5875,38.42,38.4775,36252552.0
1495742400000,38.4675,38.4725,38.435,38.45,600408.0
1495785600000,38.5,38.5075,38.35,38.35,41716.0
1495800000000,38.3575,38.56,38.3125,38.3675,27002228.0
1495814400000,38.365,38.48,38.3275,38.3975,49538428.0
1495828800000,38.4025,38.4375,38.2575,38.33,2926576.0
1496131200000,38.4,38.4275,38.29,38.3,77340.0
1496145600000,38.305,38.5175,38.2875,38.4725,29825008.0
1496160000000,38.4725,38.6075,38.4063,38.4175,39076628.0
1496174400000,38.4175,38.4225,38.2611,38.4,3181608.0
1496217600000,38.4375,38.525,38.4125,38.5,103884.0
1496232000000,38.485,38.55,38.095,38.2988,36819488.0
1496246400000,38.3,38.35,38.115,38.1925,34932764.0
1496260800000,38.195,38.235,38.155,38.2125,4893376.0
1496304000000,38.25,38.425,38.25,38.2875,35960.0
1496318400000,38.3225,38.3475,38.055,38.2263,27963864.0
1496332800000,38.2261,38.3025,38.1725,38.295,30307172.0
1496347200000,38.2975,38.31,38.23,38.295,2731432.0
1496390400000,38.41,38.4725,38.38,38.3825,47864.0
1496404800000,38.4375,38.5021,38.2225,38.5,30075368.0
1496419200000,38.5,38.8625,38.4988,38.8625,70543636.0
1496433600000,38.825,38.8625,38.7505,38.8375,2269920.0
1496649600000,38.6,38.6,38.465,38.55,374008.0
1496664000000,38.57,38.8625,38.365,38.455,52094216.0
1496678400000,38.4525,38.5425,38.3975,38.4825,40042940.0
1496692800000,38.465,38.5025,38.4425,38.5,4074320.0
1496736000000,38.5,38.525,38.375,38.42,146252.0
1496750400000,38.42,38.7025,38.32,38.5911,41341220.0
1496764800000,38.5908,38.9525,38.5475,38.6125,52711972.0
1496779200000,38.615,38.838,38.6,38.635,4542268.0
1496822400000,38.6675,38.7175,38.6375,38.7175,48984.0
1496908800000,38.9175,38.965,38.9125,38.9475,53920.0
1496923200000,38.925,38.97,38.6,38.775,35563716.0
1496937600000,38.775,38.7973,38.6325,38.73,33412496.0
1496952000000,38.7475,38.7475,38.6625,38.675,5502860.0
1496995200000,38.75,38.8375,38.75,38.7875,51808.0
1497009600000,38.7875,38.8175,38.395,38.46,38078648.0
1497024000000,38.4613,38.4638,36.505,37.2425,203860264.0
1497038400000,37.1925,37.25,37.145,37.24,4796504.0
1497254400000,36.9725,36.9825,36.275,36.42,892420.0
1497268800000,36.42,36.8,35.6275,36.265,174042804.0
1497283200000,36.265,36.365,35.8424,36.35,101674724.0
1497297600000,36.325,36.425,36.2825,36.4,3582076.0
1497340800000,36.7125,36.7975,36.56,36.75,341752.0
1497355200000,36.7275,36.8625,36.2875,36.5275,74352776.0
1497369600000,36.5275,36.725,36.445,36.6475,49517192.0
1497384000000,36.6475,36.735,36.375,36.725,3313176.0
1497427200000,36.745,36.8675,36.7425,36.8175,128976.0
1497441600000,36.835,36.875,36.3451,36.525,41679168.0
1497456000000,36.5255,36.5375,35.96,36.29,75964720.0
1497470400000,36.27,36.33,36.1275,36.15,2299900.0
1497513600000,35.975,35.975,35.775,35.8125,345780.0
1497528000000,35.8375,36.045,35.5525,35.775,67653628.0
1497542400000,35.7775,36.12,35.7575,36.075,52244252.0
1497556800000,36.08,36.1225,35.9875,36.1225,1759136.0
1497600000000,36.175,36.19,36.11,36.14,62976.0
1497614400000,36.1275,36.145,35.7473,35.8425,85486164.0
1497628800000,35.8425,35.8725,35.55,35.5625,65427448.0
1497643200000,35.575,35.6125,35.5425,35.6125,10400108.0
1497859200000,35.775,35.955,35.775,35.915,186280.0
1497873600000,35.9125,36.5475,35.84,36.455,62266812.0
1498204800000,36.4875,36.4875,36.355,36.355,40524.0
1498219200000,36.3625,36.7275,36.265,36.715,30538584.0
1498233600000,36.715,36.79,36.55,36.5725,42418684.0
1498248000000,36.565,36.6225,36.55,36.595,36459284.0
1498464000000,36.6925,36.785,36.65,36.7625,174736.0
1498478400000,36.755,37.07,36.345,36.4688,55865384.0
1498492800000,36.4675,36.6225,36.4025,36.45,36532492.0
1498507200000,36.45,36.5,36.45,36.47,3774232.0
1498550400000,36.3025,36.325,36.185,36.305,207976.0
1498564800000,36.3125,36.54,36.1925,36.4075,31806140.0
1498579200000,36.4075,36.48,35.905,35.945,58633004.0
1498593600000,35.9325,35.9875,35.83,35.85,1509588.0
1498636800000,35.6875,35.89,35.425,35.88,612792.0
1498651200000,35.7125,36.3325,35.7025,36.275,43508148.0
1498665600000,36.27,36.5275,36.235,36.4575,37249568.0
1498680000000,36.4575,36.4775,36.1364,36.4625,815160.0
1498723200000,36.4475,36.45,36.31,36.4,149072.0
1498737600000,36.4,36.4,35.7475,35.8,51873128.0
1498752000000,35.805,36.015,35.57,35.9175,65591672.0
1498766400000,35.9175,35.9625,35.8125,35.8475,3504452.0
1498809600000,35.9875,36.145,35.9875,36.0675,134208.0
1498824000000,36.1125,36.4225,35.86,36.1675,39182060.0
1498838400000,36.1675,36.2175,36.0,36.0075,36259268.0
1498852800000,36.03,36.05,35.9625,35.9625,5155820.0
1499068800000,36.18,36.1825,36.1125,36.15,32136.0
1499083200000,36.075,36.325,35.775,36.0175,33339124.0
1499097600000,36.015,36.0163,35.79,35.875,20820420.0
1499112000000,35.8825,35.8825,35.8775,35.8775,3412.0
1499241600000,35.895,35.895,35.7525,35.885,56560.0
1499256000000,35.815,36.0995,35.6809,36.0375,37041112.0
1499270400000,36.0375,36.1975,35.9715,36.0225,34632352.0
1499284800000,36.02,36.0425,36.0,36.0,4081636.0
1499328000000,35.895,35.895,35.7,35.7175,155724.0
1499342400000,35.7475,35.875,35.6025,35.745,44055952.0
1499356800000,35.745,35.83,35.63,35.68,40660956.0
1499371200000,35.6825,35.69,35.6125,35.6625,5032384.0
1499414400000,35.6,35.7075,35.6,35.675,21372.0
1499673600000,36.2075,36.2475,36.1375,36.175,43936.0
1499688000000,36.1625,36.2475,35.8425,36.2113,32115852.0
1499702400000,36.21,36.4875,36.2,36.2725,40952588.0
1499716800000,36.285,36.31,36.2375,36.2375,6106776.0
1499760000000,36.2325,36.275,36.1025,36.125,149808.0
1499774400000,36.125,36.4325,36.0875,36.28,36105936.0
1499788800000,36.28,36.4625,36.1825,36.3875,30087196.0
1499803200000,36.3875,36.4175,36.37,36.3875,4000276.0
1499846400000,36.45,36.5375,36.4425,36.4625,208268.0
1499860800000,36.45,36.57,36.205,36.295,46036040.0
1499875200000,36.2954,36.515,36.2425,36.4425,41634924.0
1499889600000,36.4575,36.47,36.3475,36.3625,1321652.0
1499932800000,36.44,36.5,36.38,36.405,77708.0
1499947200000,36.4275,36.8925,36.3575,36.882,40994140.0
1499961600000,36.8813,37.1225,36.8475,36.945,52418032.0
1499976000000,36.95,36.9625,36.78,36.785,2468592.0
1500019200000,36.8625,36.8625,36.7,36.8225,158304.0
1500033600000,36.805,37.025,36.7825,36.9463,28414520.0
1500048000000,36.9463,37.3325,36.9,37.26,44320084.0
1500062400000,37.2775,37.295,37.25,37.26,3692696.0
1500278400000,37.3,37.3875,37.2625,37.3225,148140.0
1500292800000,37.3025,37.725,37.1425,37.4025,55101880.0
1500307200000,37.4,37.5325,37.3575,37.4,31548712.0
1500321600000,37.4025,37.4725,37.39,37.4375,4180344.0
1500364800000,37.3775,37.405,37.275,37.275,127688.0
1500379200000,37.29,37.3725,37.1675,37.32,31322628.0
1500393600000,37.32,37.5325,37.275,37.52,34547044.0
1500408000000,37.52,37.5625,37.5025,37.545,1489636.0
1500451200000,37.5875,37.6175,37.525,37.565,79664.0
1500465600000,37.6125,37.7375,37.4375,37.6825,30439980.0
1500480000000,37.685,37.855,37.6675,37.755,40097304.0
1500494400000,37.755,37.7625,37.675,37.6975,4431512.0
1500537600000,37.7625,37.8475,37.65,37.8225,40996.0
1500552000000,37.795,37.935,37.5475,37.675,31964948.0
1500566400000,37.6736,37.7642,37.585,37.5875,29160724.0
1500883200000,37.525,37.5275,37.475,37.5275,15132.0
1500897600000,37.5275,37.8325,37.475,37.82,30197436.0
1500912000000,37.82,38.11,37.8175,38.0275,42805636.0
1500926400000,38.035,38.11,37.92,37.9675,2427460.0
1500969600000,37.9825,38.1125,37.9725,38.1,51688.0
1500984000000,38.095,38.46,37.9375,38.42,37979312.0
1500998400000,38.4191,38.4325,38.1625,38.1875,30045696.0
1501012800000,38.2,38.2375,38.0925,38.22,1531484.0
1501056000000,38.26,38.34,38.26,38.31,18464.0
1501070400000,38.325,38.4825,38.265,38.365,28106572.0
1501084800000,38.3688,38.45,38.3063,38.375,22967496.0
1501099200000,38.385,38.48,38.3,38.4575,5386328.0
1501142400000,38.4975,38.555,38.485,38.5025,115308.0
1501156800000,38.5125,38.5975,38.2275,38.33,31644088.0
1501171200000,38.3275,38.3463,36.825,37.6375,88704784.0
1501185600000,37.62,37.64,37.46,37.5,1431924.0
1501228800000,37.3725,37.4325,37.3025,37.4175,64120.0
1501243200000,37.445,37.5575,37.315,37.4331,31169908.0
1501257600000,37.4325,37.5325,37.2975,37.3725,30372276.0
1501272000000,37.36,37.375,37.3325,37.37,2250376.0
1501488000000,37.4375,37.5625,37.4375,37.5,97220.0
1501502400000,37.4775,37.5825,37.0625,37.2013,34232512.0
1501516800000,37.2,37.25,37.0325,37.1925,33192048.0
1501531200000,37.1925,37.2225,37.0,37.0275,2362412.0
1501574400000,37.2625,37.3525,37.1875,37.275,201080.0
1501588800000,37.3225,37.355,37.1025,37.2418,39098436.0
1501603200000,37.2411,37.555,37.175,37.5125,55499888.0
1501617600000,37.495,39.975,37.3375,39.875,43519216.0
1501660800000,39.805,39.9375,39.5125,39.71,2687828.0
1501675200000,39.7025,40.0,39.04,39.445,188536348.0
1501689600000,39.4475,39.595,39.18,39.2875,76537912.0
1501704000000,39.2875,39.665,39.235,39.26,3222604.0
1502092800000,39.275,39.275,39.1875,39.21,124308.0
1502107200000,39.2125,39.5375,39.015,39.5095,36037992.0
1502121600000,39.5031,39.73,39.4175,39.6975,41475092.0
1502136000000,39.7,39.7175,39.665,39.6875,3780032.0
1502179200000,39.6875,39.695,39.5875,39.625,56488.0
1502193600000,39.65,40.4575,39.5675,40.3613,72732920.0
1502208000000,40.36,40.4378,39.8775,40.025,65384296.0
1502222400000,40.0375,40.1355,39.845,39.885,1558800.0
1502265600000,39.845,39.8625,39.6875,39.7275,249828.0
1502280000000,39.825,40.2625,39.6825,40.1825,49349720.0
1502294400000,40.185,40.3175,40.0425,40.275,49665564.0
1502308800000,40.265,40.3225,40.1114,40.3,1944692.0
1502352000000,40.065,40.065,39.9375,40.025,189164.0
1502366400000,40.005,40.1,39.3225,39.3725,63997096.0
1502380800000,39.3713,39.4775,38.6575,38.83,85558580.0
1502395200000,38.8325,39.08,38.5925,38.6625,8036408.0
1502438400000,38.7375,38.75,38.5525,38.675,313932.0
1502452800000,38.6875,39.6432,38.6375,39.4075,57423432.0
1502467200000,39.405,39.5775,39.2175,39.3725,42426648.0
1502481600000,39.3725,39.38,39.3,39.355,1107628.0
1502697600000,39.65,39.785,39.5875,39.72,375568.0
1502712000000,39.7175,39.9325,39.6275,39.8296,37446384.0
1502726400000,39.83,40.0525,39.7625,39.945,41713432.0
1502740800000,39.95,40.035,39.95,40.035,2864728.0
1502784000000,40.0825,40.175,40.0275,40.1225,130396.0
1502798400000,40.125,40.4125,40.035,40.3188,48755960.0
1502812800000,40.3188,40.5488,40.3052,40.41,57451948.0
1502827200000,40.4,40.4225,40.35,40.35,6963516.0
1502870400000,40.4625,40.55,40.3925,40.4325,256904.0
1502884800000,40.45,40.5975,40.2325,40.5025,44848284.0
1502899200000,40.505,40.6275,40.0375,40.23,59437196.0
1503388800000,39.45,39.4525,39.4,39.4425,68376.0
1503403200000,39.4475,39.9675,39.425,39.9513,37136700.0
1503417600000,39.9504,40.0,39.8725,39.945,35652172.0
1503432000000,39.945,39.98,39.945,39.965,4215632.0
1503475200000,39.965,39.965,39.8025,39.8025,112272.0
1503489600000,39.8125,40.105,39.6975,40.0807,34510020.0
1503504000000,40.08,40.1175,39.85,39.9975,31561440.0
1503518400000,39.995,39.995,39.83,39.8525,4045836.0
1503561600000,39.95,40.1625,39.95,40.145,69192.0
1503576000000,40.145,40.185,39.6375,39.765,40042148.0
1503590400000,39.7625,39.91,39.705,39.8275,32302044.0
1503604800000,39.8175,39.8725,39.78,39.83,998648.0
1503648000000,39.875,40.0975,39.875,40.075,105584.0
1503662400000,40.0,40.14,39.8225,39.9125,59329144.0
1503676800000,39.9125,40.0875,39.8175,39.965,35719992.0
1503691200000,39.965,39.985,39.895,39.9,564500.0
1503907200000,39.94,40.05,39.9125,40.0125,34840.0
1503921600000,40.045,40.5,39.9275,40.4125,48120908.0
1503936000000,40.415,40.4175,40.2375,40.3675,35841768.0
1503950400000,40.3675,40.38,39.925,40.05,10117900.0
1503993600000,40.05,40.1,39.875,40.0375,356096.0
1504008000000,40.0725,40.74,39.975,40.7125,58453236.0
1504022400000,40.71,40.78,40.54,40.73,51412420.0
1504036800000,40.73,40.825,40.72,40.825,1955720.0
1504080000000,40.9525,40.9525,40.79,40.85,222556.0
1504094400000,40.83,40.9725,40.6725,40.8,50650260.0
1504108800000,40.7988,40.91,40.6525,40.8325,48735012.0
1504123200000,40.8375,40.8475,40.7856,40.845,3310192.0
1504166400000,40.875,40.975,40.8125,40.8775,151776.0
1504180800000,40.9,41.025,40.8525,40.9841,40291600.0
1504195200000,40.9825,41.13,40.925,40.9925,52593280.0
1504209600000,41.0,41.05,40.9918,41.05,3217896.0
1504252800000,41.095,41.175,41.095,41.165,127296.0
1504684800000,40.605,40.6875,40.5625,40.625,155148.0
1504699200000,40.6375,40.7475,40.13,40.2975,41271812.0
1504713600000,40.295,40.545,40.2475,40.48,34118692.0
1504728000000,40.4775,40.48,40.3625,40.375,4717032.0
1504771200000,40.5,40.56,40.4875,40.4875,104516.0
1504785600000,40.5125,40.56,40.255,40.4625,34916488.0
1504800000000,40.465,40.5225,40.09,40.3175,47845196.0
1504814400000,40.3175,40.33,40.2925,40.32,691412.0
1504857600000,40.285,40.365,40.25,40.3,44504.0
1504872000000,40.2975,40.2975,39.825,39.9525,43219604.0
1504886400000,39.9525,40.045,39.6325,39.6575,49845120.0
1504900800000,39.6575,39.6925,39.635,39.6475,13742324.0
1505116800000,40.1025,40.26,40.0875,40.1625,559112.0
1505131200000,40.165,40.5125,39.9725,40.395,60031156.0
1505145600000,40.3951,40.435,40.1775,40.3725,50050568.0
1505160000000,40.375,40.4225,40.325,40.415,7547756.0
1505203200000,40.6125,40.87,40.5525,40.75,707964.0
1505217600000,40.7525,40.8475,40.0775,40.2575,65732692.0
1505232000000,40.26,40.99,39.6925,40.2125,211832800.0
1505246400000,40.2125,40.245,40.1,40.245,2094648.0
1505289600000,40.1025,40.15,39.925,40.02,641928.0
1505304000000,39.925,40.1,39.4775,39.57,105385692.0
1505318400000,39.57,39.915,39.5625,39.905,62247172.0
1505332800000,39.905,39.915,39.8375,39.86,3829332.0
1505376000000,39.8725,39.9225,39.7475,39.75,127596.0
1505390400000,39.8025,39.85,39.62,39.7475,41740596.0
1505404800000,39.75,39.76,39.5225,39.5675,40724988.0
1505419200000,39.57,39.575,39.415,39.4375,4176044.0
1505462400000,39.55,39.675,39.505,39.63,189804.0
1505476800000,39.6425,40.2425,39.5,40.1435,94697328.0
1505980800000,39.0125,39.05,38.9375,38.975,93164.0
1505995200000,38.965,39.0375,38.1875,38.51,85141184.0
1506009600000,38.5125,38.6375,38.335,38.3525,49373284.0
1506024000000,38.3525,38.3575,38.2425,38.255,4855072.0
1506067200000,38.3125,38.325,38.0375,38.125,556656.0
1506081600000,38.1188,38.2125,37.64,37.7725,99677276.0
1506096000000,37.7675,38.0025,37.7175,37.94,76802868.0
1506110400000,37.94,38.0,37.9275,37.9925,1823568.0
1506326400000,37.7475,37.8,37.4125,37.6425,390028.0
1506340800000,37.5,38.05,37.29,37.62,97793916.0
1506355200000,37.62,37.7235,37.4805,37.64,67314360.0
1506369600000,37.64,37.7025,37.6275,37.6425,2827304.0
1506412800000,37.6475,38.0,37.6475,37.9,659104.0
1506427200000,37.9475,38.255,37.8275,38.13,66570028.0
1506441600000,38.13,38.48,38.025,38.305,66251232.0
1506456000000,38.3025,38.3425,38.275,38.3425,2235268.0
1506499200000,38.4275,38.6625,38.275,38.335,584148.0
1506513600000,38.5375,38.6675,38.3375,38.48,51142640.0
1506528000000,38.4825,38.6797,38.385,38.55,39193512.0
1506542400000,38.5575,38.5875,38.5,38.515,3913632.0
1506585600000,38.5575,38.6125,38.465,38.465,68720.0
1506600000000,38.5863,38.595,38.175,38.2314,46443720.0
1506614400000,38.235,38.3875,38.21,38.315,34832624.0
1506628800000,38.32,38.3625,38.25,38.3175,1702124.0
1506672000000,38.3175,38.4,38.2775,38.2875,162376.0
1506686400000,38.3475,38.5,38.0,38.4125,47399324.0
1506700800000,38.415,38.5325,38.37,38.5,43803648.0
1506715200000,38.5225,38.55,38.3719,38.53,3857540.0
1506931200000,38.53,38.625,38.5,38.6,275844.0
1506945600000,38.6125,38.62,38.25,38.2575,32287308.0
1506960000000,38.2575,38.505,38.18,38.4525,37532804.0
1506974400000,38.45,38.46,38.3364,38.4375,833248.0
1507017600000,38.4425,38.4625,38.4375,38.445,58988.0
1507276800000,38.825,38.825,38.7475,38.75,90584.0
1507291200000,38.805,38.93,38.64,38.6888,26664856.0
1507305600000,38.6888,38.835,38.6525,38.8225,33457840.0
1507320000000,38.825,38.85,38.8175,38.8425,1241924.0
1507536000000,38.7675,38.9975,38.7575,38.975,199108.0
1507550400000,38.95,39.1825,38.8713,39.0175,32924692.0
1507564800000,39.0198,39.0322,38.9003,38.955,24360988.0
1507579200000,38.9625,38.975,38.9125,38.9125,2564012.0
1507622400000,38.93,39.0325,38.9,38.95,188056.0
1507636800000,38.95,39.5,38.775,38.8675,30998160.0
1507651200000,38.8613,39.045,38.8125,38.975,25130268.0
1507665600000,38.975,38.975,38.9275,38.9325,1378152.0
1507708800000,38.945,38.97,38.9,38.9125,123272.0
1507723200000,38.95,39.245,38.9125,39.1675,31595600.0
1507737600000,39.1675,39.21,39.095,39.135,26221516.0
1507752000000,39.1375,39.18,39.1,39.1075,3112832.0
1507795200000,39.1,39.1,39.05,39.075,31600.0
1507809600000,39.1,39.3425,39.0425,39.2225,30043296.0
1507824000000,39.225,39.2863,38.9325,39.0025,30249012.0
1507838400000,39.0,39.0075,38.95,38.95,383896.0
1507881600000,39.05,39.125,39.0,39.075,125228.0
1507896000000,39.1,39.2875,39.0675,39.2604,29278068.0
1507910400000,39.2625,39.32,39.1375,39.2525,29893884.0
1507924800000,39.2475,39.25,39.2175,39.2375,914916.0
1508140800000,39.535,39.625,39.4525,39.5625,317512.0
1508155200000,39.575,39.915,39.3375,39.84,51747524.0
1508169600000,39.84,40.0,39.7438,39.9675,37205664.0
1508184000000,39.98,40.0,39.9525,39.99,2120132.0
1508227200000,39.99,39.99,39.8875,39.9325,69096.0
1508241600000,39.95,40.2175,39.8075,39.9744,41409524.0
1508256000000,39.975,40.135,39.9175,40.1175,28719880.0
1508270400000,40.1175,40.1475,40.0925,40.12,2318432.0
1508313600000,40.1575,40.22,40.1575,40.1775,54460.0
1508328000000,40.22,40.225,39.9375,39.9475,29387576.0
1508342400000,39.9487,40.12,39.9,39.9425,31909988.0
1508745600000,39.0625,39.2,39.0625,39.1225,62348.0
1508760000000,39.15,39.275,38.9774,39.0922,28397972.0
1508774400000,39.09,39.4225,38.875,39.05,46213572.0
1508788800000,39.0375,39.095,38.985,39.02,3942012.0
1508832000000,38.825,39.1875,38.7325,39.0125,497420.0
1508846400000,39.02,39.355,38.9163,39.24,36380552.0
1508860800000,39.24,39.3225,39.1325,39.2725,26757028.0
1508875200000,39.275,39.275,39.175,39.175,2952564.0
1508918400000,39.235,39.35,39.23,39.3,62456.0
1508932800000,39.3,39.3875,38.9125,39.0375,32952968.0
1508947200000,39.035,39.1375,38.8175,39.1025,38403244.0
1508961600000,39.1,39.275,39.1,39.1375,4385536.0
1509004800000,39.155,39.2975,39.155,39.2525,134344.0
1509019200000,39.25,39.4574,39.195,39.374,29081780.0
1509033600000,39.3725,39.4375,39.2725,39.355,26189804.0
1509048000000,39.3525,39.4875,39.3025,39.4825,6653964.0
1509091200000,39.5325,39.8125,39.505,39.7675,527372.0
1509105600000,39.75,40.6125,39.535,40.5975,79808636.0
1509120000000,40.595,40.9,40.515,40.7575,82875024.0
1509134400000,40.7625,40.805,40.675,40.6925,6149512.0
1509350400000,40.875,40.9475,40.785,40.8925,387528.0
1509364800000,40.9,42.0175,40.845,41.7575,114204864.0
1509379200000,41.75,41.755,41.4575,41.68,55959000.0
1509393600000,41.6925,41.745,41.6422,41.7425,2058296.0
1509436800000,41.75,41.925,41.75,41.9175,340132.0
1509451200000,41.865,42.2725,41.735,42.2288,65446392.0
1509465600000,42.2325,42.4125,42.1275,42.2625,62133988.0
1509480000000,42.2775,42.2875,42.0625,42.25,5892672.0
1509523200000,42.375,42.5475,42.2,42.275,846920.0
1509537600000,42.2775,42.525,41.545,41.5575,72132220.0
1509552000000,41.5625,41.7916,41.4025,41.7175,52829936.0
1509955200000,43.25,43.275,43.1725,43.1975,222828.0
1509969600000,43.1975,43.6925,42.93,43.68,53063340.0
1509984000000,43.6763,43.745,43.5275,43.7063,51870968.0
1509998400000,43.7075,43.7475,43.52,43.5275,26266780.0
1510012800000,43.5375,43.55,43.5375,43.55,49524.0
1510041600000,43.55,43.625,43.4675,43.55,50856.0
1510056000000,43.5125,43.8125,43.4,43.6475,41997920.0
1510070400000,43.65,43.785,43.5075,43.6461,35170244.0
1510084800000,43.6463,43.72,43.58,43.58,12869212.0
1510099200000,43.59,43.625,43.5825,43.6,26776.0
1510128000000,43.6,43.675,43.55,43.625,37408.0
1510142400000,43.6125,43.845,43.5625,43.81,30832644.0
1510156800000,43.8125,44.0075,43.775,43.995,41127896.0
1510171200000,43.9925,44.275,43.8858,44.15,21130956.0
1510185600000,44.1575,44.2,44.14,44.1875,91188.0
1510214400000,44.075,44.1725,43.95,43.9875,120988.0
1510228800000,44.0125,44.075,43.7,43.9275,34452944.0
1510243200000,43.9301,43.9357,43.285,43.825,60841736.0
1510257600000,43.825,44.02,43.745,43.995,18546112.0
1510272000000,43.995,44.0,43.9525,44.0,121908.0
1510300800000,43.855,43.855,43.575,43.6925,123352.0
1510315200000,43.71,43.87,43.5675,43.8102,30896660.0
1510329600000,43.8125,43.835,43.6625,43.74,33586676.0
1510344000000,43.7388,43.75,43.6125,43.625,26671288.0
1510358400000,43.6325,43.6475,43.6325,43.64,29952.0
1510560000000,43.675,43.75,43.5625,43.5625,10884.0
1510574400000,43.5625,43.625,43.35,43.55,28020696.0
1510588800000,43.5488,43.605,43.5147,43.5275,22854540.0
1510603200000,43.5275,43.6675,43.43,43.4725,13575516.0
1510617600000,43.47,43.47,43.45,43.455,33412.0
1510646400000,43.545,43.545,43.45,43.47,14416.0
1510660800000,43.47,43.5,43.0275,43.22,32404704.0
1510675200000,43.2188,43.3125,42.8675,42.9863,38128748.0
1510689600000,42.9858,43.1009,42.625,42.925,21555372.0
1510704000000,42.9175,42.9175,42.815,42.875,177776.0
1510732800000,42.61,42.61,42.455,42.5125,192924.0
1510747200000,42.51,42.67,42.095,42.5625,45736316.0
1510761600000,42.5675,42.575,42.2388,42.3425,40365332.0
1511168400000,42.475,42.5875,42.475,42.55,55812.0
1511182800000,42.555,42.675,42.4,42.4865,29299796.0
1511197200000,42.4875,42.5575,42.39,42.4975,24113428.0
1511211600000,42.495,42.52,42.475,42.5025,5517048.0
1511254800000,42.58,42.6675,42.4775,42.65,112456.0
1511269200000,42.6375,43.425,42.62,43.3812,57703576.0
1511283600000,43.38,43.4,43.17,43.2825,33007788.0
1511298000000,43.285,43.3,43.2375,43.2625,2829444.0
1511341200000,43.3,43.4375,43.3,43.4125,195032.0
1511355600000,43.425,43.75,43.2625,43.57,51600732.0
1511370000000,43.5684,43.75,43.4775,43.735,34466596.0
1511384400000,43.725,43.75,43.6875,43.745,7031696.0
1511514000000,43.75,43.8375,43.75,43.805,149336.0
1511528400000,43.8175,43.91,43.6615,43.785,30258760.0
1511542800000,43.785,43.8125,43.7275,43.7425,24006348.0
1511557200000,43.7025,43.7225,43.7025,43.7225,1600.0
1511773200000,43.715,43.845,43.61,43.645,155528.0
1511787600000,43.81,43.875,43.335,43.5125,42639416.0
1511802000000,43.5175,43.6225,43.465,43.52,28707832.0
1511816400000,43.5225,43.5475,43.4,43.4525,4253828.0
1511859600000,43.4875,43.625,43.4875,43.6125,90912.0
1511874000000,43.5225,43.7175,43.175,43.2438,43468040.0
1511888400000,43.2425,43.345,42.965,43.25,52867636.0
1511902800000,43.25,43.2925,43.1525,43.265,3721884.0
1511946000000,43.185,43.3375,43.125,43.275,60248.0
1511960400000,43.335,43.335,41.815,41.8475,86725196.0
1511974800000,41.845,42.41,41.79,42.3725,69319508.0
1511989200000,42.34,42.37,42.2575,42.275,4102304.0
1512032400000,42.3,42.605,42.3,42.6,372100.0
1512046800000,42.605,42.91,42.11,42.7425,64703728.0
1512061200000,42.7425,43.035,42.6925,42.9375,70575772.0
1512075600000,42.9525,42.9625,42.775,42.8725,6338204.0
1512118800000,42.7375,42.8075,42.5,42.65,527332.0
1512133200000,42.585,42.9175,42.125,42.4644,86411956.0
1512147600000,42.47,42.8,42.365,42.75,55452500.0
1512464400000,42.3625,42.525,42.1125,42.5225,309940.0
1512478800000,42.25,42.88,42.1,42.7157,55880360.0
1512493200000,42.7125,42.7885,42.3925,42.4125,44117864.0
1512507600000,42.435,42.515,42.375,42.5025,2637292.0
1512550800000,42.24,42.25,42.14,42.1675,259044.0
1512565200000,42.19,42.5512,41.615,42.3925,58157228.0
1512579600000,42.3925,42.5075,42.2075,42.2625,45453144.0
1512594000000,42.2525,42.355,42.2,42.355,3469708.0
1512637200000,42.4125,42.4225,42.325,42.35,156204.0
1512651600000,42.395,42.595,42.2275,42.44,42000348.0
1512666000000,42.4375,42.61,42.24,42.3325,48630672.0
1512680400000,42.3575,42.4125,42.3125,42.375,5787240.0
1512723600000,42.4875,42.6,42.475,42.5625,192592.0
1512738000000,42.5,42.75,42.4075,42.475,40975360.0
1512752400000,42.475,42.5225,42.205,42.34,39339192.0
1512766800000,42.3275,42.345,42.2875,42.3425,5921376.0
1512982800000,42.45,42.4675,42.35,42.375,133808.0
1512997200000,42.425,43.05,42.1975,42.9475,56024000.0
1513011600000,42.9475,43.2225,42.9475,43.165,49483812.0
1513026000000,43.1575,43.2,43.1375,43.195,19344968.0
1513069200000,43.065,43.15,43.0075,43.1375,52812.0
1513083600000,43.1425,43.17,42.8653,42.9975,36228864.0
1513098000000,42.995,43.0475,42.9,42.9325,31543068.0
1513112400000,42.925,42.95,42.8875,42.8875,3258092.0
1513155600000,42.935,42.975,42.88,42.895,89572.0
1513170000000,42.9625,43.385,42.8775,43.225,38938632.0
1513184400000,43.2225,43.295,43.0,43.0775,44688096.0
1513198800000,43.1075,43.1425,43.0675,43.1425,4190044.0
1513242000000,43.1275,43.1625,43.1,43.125,42344.0
1513256400000,43.1362,43.2825,42.9125,43.0713,39157040.0
1513270800000,43.0688,43.1225,42.9225,43.055,35926296.0
1513285200000,43.055,43.11,43.025,43.11,1936836.0
1513328400000,43.125,43.15,43.0275,43.15,92380.0
1513342800000,43.1375,43.4475,43.055,43.2503,69569868.0
1513760400000,43.775,43.8125,43.75,43.755,204676.0
1513774800000,43.8,43.855,43.3125,43.5775,47358356.0
1513789200000,43.575,43.705,43.49,43.59,33357968.0
1513803600000,43.5875,43.6025,43.56,43.56,3597760.0
1513846800000,43.5,43.5875,43.455,43.5625,52584.0
1513861200000,43.5375,44.005,43.505,43.8725,39199140.0
1513875600000,43.8675,43.9638,43.72,43.7525,29267568.0
1513890000000,43.7675,43.8,43.735,43.79,5824332.0
1513933200000,43.795,43.795,43.7,43.72,57228.0
1513947600000,43.73,43.856,43.625,43.7725,26177472.0
1513962000000,43.7725,43.8013,43.71,43.7625,26389440.0
1513976400000,43.7525,43.7775,43.73,43.75,4393548.0
1514278800000,43.625,43.625,42.4375,42.5625,1460232.0
1514293200000,42.575,42.9,42.4198,42.585,75792952.0
1514307600000,42.585,42.71,42.5275,42.6425,48407800.0
1514322000000,42.6325,42.735,42.575,42.65,1325956.0
1514365200000,42.7775,42.7775,42.5975,42.6425,156368.0
1514379600000,42.6375,42.6975,42.4275,42.5975,44948892.0
1514394000000,42.5975,42.6575,42.4975,42.645,30473368.0
1514408400000,42.635,42.675,42.6025,42.6625,2067032.0
1514451600000,42.69,42.7925,42.625,42.75,162764.0
1514466000000,42.745,42.9625,42.7,42.8275,30105068.0
1514480400000,42.8275,42.8475,42.62,42.7675,29276160.0
1514494800000,42.765,42.77,42.6775,42.71,3008264.0
1514538000000,42.7,42.8375,42.7,42.8075,127728.0
1514552400000,42.8125,42.8125,42.3275,42.521,47814420.0
1514566800000,42.52,42.565,42.305,42.325,38869480.0
1514581200000,42.3375,42.4025,42.2525,42.275,3741532.0
1514883600000,42.275,42.55,42.25,42.5125,251024.0
1514898000000,42.5025,42.9,42.315,42.8025,50871672.0
1514912400000,42.8013,43.075,42.7975,43.065,41239640.0
1514926800000,43.0475,43.075,43.005,43.075,2079296.0
1514970000000,43.165,43.1975,43.125,43.1375,126456.0
1514984400000,43.1375,43.6375,43.045,43.415,51712744.0
1515056400000,43.1,43.2,43.1,43.1525,107316.0
1515070800000,43.17,43.3675,43.02,43.2575,43814408.0
1515085200000,43.255,43.31,43.15,43.255,36173008.0
1515099600000,43.2575,43.3325,43.175,43.3325,2689736.0
1515142800000,43.175,43.4,43.175,43.3525,195456.0
1515157200000,43.375,43.7975,43.2625,43.735,42111920.0
1515171600000,43.735,43.8425,43.64,43.74,40309824.0
1515186000000,43.7525,43.775,43.7425,43.7675,2473112.0
1515402000000,43.775,43.825,43.6875,43.7125,100656.0
1515416400000,43.755,43.9025,43.5675,43.725,34341356.0
1515430800000,43.7275,43.7388,43.4825,43.585,36580980.0
1515445200000,43.5875,43.7,43.5475,43.7,3802200.0
1515488400000,43.6975,43.6975,43.5875,43.635,193692.0
1515502800000,43.675,43.7225,43.3525,43.635,40829896.0
1515517200000,43.6375,43.765,43.55,43.5825,37538944.0
1515531600000,43.5875,43.5875,43.4775,43.5,3020392.0
1515574800000,43.475,43.475,43.125,43.2025,407692.0
1515589200000,43.205,43.5525,43.1425,43.3025,40869036.0
1515603600000,43.3,43.575,43.25,43.5613,46462716.0
1515618000000,43.5325,43.6125,43.52,43.6125,2277624.0
1515661200000,43.62,43.6875,43.5,43.675,95176.0
1515675600000,43.675,43.8722,43.5775,43.77,33577180.0
1515690000000,43.7713,43.8375,43.725,43.8175,29824188.0
1515704400000,43.8175,43.8375,43.5125,43.81,6759556.0
1515747600000,43.925,43.985,43.85,43.9775,155332.0
1515762000000,43.875,44.265,43.875,44.1975,42077404.0
1515776400000,44.2025,44.34,44.155,44.25,45234832.0
1515790800000,44.2325,44.345,44.23,44.3375,2238804.0
1516093200000,44.35,44.63,44.35,44.625,382176.0
1516107600000,44.5375,44.8475,44.3,44.3774,52805212.0
1516122000000,44.38,44.4718,44.035,44.05,49803412.0
1516136400000,44.0625,44.1708,43.925,43.9375,7999992.0
1516179600000,43.5525,44.05,43.3,43.905,698108.0
1516352400000,44.725,44.9425,44.725,44.8125,226044.0
1516366800000,44.825,44.895,44.3525,44.5107,57897660.0
1516381200000,44.5075,44.6717,44.49,44.6125,38773692.0
1516395600000,44.6175,44.675,44.5584,44.67,15580676.0
1516611600000,44.4725,44.48,44.2125,44.285,274708.0
1516626000000,44.2775,44.445,44.1504,44.2839,42045412.0
1516640400000,44.2825,44.4175,44.175,44.2525,47433660.0
1516654800000,44.245,44.35,44.2025,44.3375,6421788.0
1516698000000,44.45,44.5,44.315,44.44,225984.0
1516712400000,44.4375,44.755,44.2075,44.625,47959428.0
1516726800000,44.625,44.86,44.205,44.24,69122060.0
1516741200000,44.2625,44.3,44.125,44.3,5393512.0
1516784400000,44.3125,44.4,44.2775,44.3,332472.0
1516798800000,44.315,44.495,43.6275,43.7475,99425804.0
1516813200000,43.745,43.835,43.3,43.555,81018492.0
1516827600000,43.555,43.5875,43.4625,43.54,13752396.0
1516870800000,43.6725,43.8075,43.64,43.7675,210932.0
1516885200000,43.77,43.7875,43.065,43.38,59432828.0
1516899600000,43.38,43.425,42.6325,42.775,91357988.0
1516914000000,42.7775,42.9375,42.775,42.9375,8283428.0
1516957200000,43.0025,43.175,42.9875,43.1175,420848.0
1516971600000,43.125,43.1825,42.575,42.7725,63238024.0
1516986000000,42.775,42.8875,42.515,42.8625,71860140.0
1517000400000,42.8775,42.8775,42.75,42.8475,9732004.0
1517216400000,42.8725,43.15,42.615,42.685,816828.0
1517230800000,42.665,42.6825,41.7675,42.2981,105584420.0
1517245200000,42.3,42.3025,41.94,41.99,78321284.0
1517259600000,42.005,42.3064,41.9375,42.0225,10101360.0
1517302800000,42.0,42.0,41.375,41.425,672128.0
1517821200000,40.0,40.175,39.5675,39.6625,1772768.0
1517835600000,40.0,40.97,39.5,40.4113,119831572.0
1517850000000,40.4075,40.62,39.0,39.1225,149157068.0
1517864400000,39.1225,40.1875,38.8425,38.855,8265272.0
1517907600000,38.9025,39.225,38.6225,38.9475,1304024.0
1517922000000,39.0,40.25,38.5,39.635,127039792.0
1517936400000,39.64,40.93,39.625,40.765,124909444.0
1517950800000,40.7575,40.87,40.6125,40.715,6597008.0
1517994000000,40.4125,40.6875,40.25,40.63,539408.0
1518008400000,40.5438,40.85,40.2775,40.4138,89263088.0
1518022800000,40.4225,40.455,39.7671,39.88,103054580.0
1518037200000,39.8875,40.4243,39.69,39.725,6015468.0
1518080400000,39.95,40.115,39.725,40.025,481808.0
1518094800000,40.0375,40.25,39.7775,40.1025,78621052.0
1518109200000,40.1025,40.1375,38.7575,38.79,120032520.0
1518123600000,38.815,39.235,38.7875,39.0625,6502272.0
1518166800000,39.1275,39.225,38.8325,38.86,564500.0
1518181200000,38.885,39.4725,38.685,38.7409,110808472.0
1518195600000,38.7375,39.295,37.56,39.055,154843000.0
1518210000000,39.03,39.185,38.98,39.185,4787296.0
1518426000000,39.4125,39.85,39.4125,39.68,474444.0
1518440400000,39.7,40.53,39.25,40.5225,110671392.0
1518454800000,40.5222,40.9725,40.4575,40.6875,111046008.0
1518469200000,40.685,40.7425,40.6375,40.6625,3867288.0
1518512400000,40.6625,40.6625,40.4125,40.55,382556.0
1518526800000,40.5,40.945,40.3575,40.7425,56829788.0
1519117200000,42.775,42.935,42.545,42.9225,677824.0
1519131600000,42.915,43.565,42.735,43.5138,59160932.0
1519146000000,43.5175,43.56,42.855,42.9625,62662144.0
1519160400000,42.9625,43.3477,42.9125,43.0575,6604152.0
1519203600000,42.975,43.15,42.9025,43.1225,343856.0
1519218000000,43.125,43.5175,43.025,43.425,54182856.0
1519232400000,43.425,43.53,42.7525,42.7525,77946912.0
1519246800000,42.795,42.8675,42.605,42.6375,5218292.0
1519290000000,42.6375,43.0,42.5,42.915,494344.0
1519304400000,42.9263,43.4875,42.845,43.4538,54330008.0
1519318800000,43.455,43.4775,42.9525,43.1525,60999120.0
1519333200000,43.125,43.275,43.125,43.255,2325760.0
1519376400000,43.325,43.45,43.3125,43.395,332060.0
1519390800000,43.4063,43.6975,43.3425,43.6625,56075540.0
1519405200000,43.6675,43.9125,43.545,43.89,67851628.0
1519419600000,43.875,43.9375,43.8225,43.87,3366432.0
1519635600000,44.0,44.1075,43.9775,44.1075,569672.0
1519650000000,44.11,44.75,44.0175,44.7075,74217984.0
1519664400000,44.7075,44.8475,44.5162,44.745,63881324.0
1519678800000,44.7425,44.775,44.5625,44.7625,6414348.0
1519722000000,44.755,44.7625,44.575,44.6375,410384.0
1519736400000,44.595,45.12,44.595,44.7,75564412.0
1519750800000,44.6925,44.9775,44.54,44.585,69551068.0
1519765200000,44.5975,44.7411,44.575,44.6875,3299920.0
1519808400000,44.6775,44.745,44.5925,44.7,189504.0
1519822800000,44.7125,45.1538,44.6275,44.7849,56310892.0
1519837200000,44.785,45.1225,44.5125,44.5325,59177056.0
1519851600000,44.54,44.8113,44.53,44.6225,10717528.0
1519894800000,44.8425,44.8425,44.275,44.4125,497512.0
1520240400000,44.025,44.075,43.8175,43.8375,486496.0
1520254800000,43.9875,44.3575,43.63,44.32,50290196.0
1520269200000,44.32,44.435,44.1175,44.2075,50327192.0
1520283600000,44.2075,44.2475,44.135,44.2225,2065300.0
1520326800000,44.3425,44.54,44.325,44.5325,293588.0
1520341200000,44.525,44.5625,44.085,44.2447,45002980.0
1520355600000,44.24,44.385,44.0325,44.17,41536120.0
1520370000000,44.1675,44.1725,43.35,43.485,3526412.0
1520413200000,43.75,43.8625,43.65,43.8,596804.0
1520427600000,43.7925,43.9625,43.6638,43.6775,49178320.0
1520442000000,43.6775,43.93,43.5675,43.755,61001064.0
1520456400000,43.7375,43.7625,43.705,43.725,5850740.0
1520499600000,43.75,43.9225,43.725,43.895,269760.0
1520514000000,43.845,44.1225,43.7675,44.1025,42682248.0
1520528400000,44.1075,44.28,44.015,44.2375,44304072.0
1520542800000,44.22,44.2675,44.2,44.2675,1292104.0
1520586000000,44.2675,44.3475,44.23,44.275,154592.0
1520600400000,44.275,44.9075,44.125,44.8575,52945000.0
1520614800000,44.8575,45.0,44.73,44.99,61793076.0
1520629200000,44.995,45.0,44.784,44.9625,2190828.0
1520830800000,45.025,45.25,45.025,45.2125,26224.0
1520845200000,45.215,45.2275,45.075,45.0975,770248.0
1520859600000,45.09,45.55,45.0325,45.4375,74347084.0
1520874000000,45.4375,45.5975,45.265,45.45,48813480.0
1520888400000,45.4575,45.475,45.445,45.4725,101360.0
1520917200000,45.375,45.4,45.375,45.4,5932.0
1520931600000,45.4,45.6375,45.375,45.575,1218980.0
1520946000000,45.5775,45.875,45.2025,45.4975,66066504.0
1520960400000,45.4975,45.635,44.81,44.955,52132396.0
1520974800000,44.9225,45.0,44.7525,44.955,1411188.0
1521003600000,45.0125,45.2175,44.875,45.0525,12800.0
1521018000000,45.2225,45.27,45.1125,45.14,678008.0
1521032400000,45.1325,45.175,44.4525,44.74,68047856.0
1521532800000,43.8775,44.0575,43.7875,44.0,120496.0
1521547200000,44.045,44.2,43.8,43.915,33951300.0
1521561600000,43.9225,44.075,43.735,43.8125,34953856.0
1521576000000,43.815,43.8425,43.8075,43.8425,2689284.0
1521619200000,43.75,43.8725,43.6375,43.725,208640.0
1521633600000,43.7125,43.8775,43.4288,43.555,40969660.0
1521648000000,43.555,43.565,42.815,42.8175,91518304.0
1521662400000,42.85,43.5013,42.8175,42.9425,5304464.0
1521705600000,42.825,42.825,42.395,42.5575,460452.0
1521720000000,42.575,42.7025,42.2325,42.395,65666184.0
1521734400000,42.3925,43.17,42.15,42.1875,88763596.0
1521748800000,42.215,42.25,41.8875,41.925,2013208.0
1521792000000,42.0275,42.195,41.6325,42.1675,515568.0
1521806400000,42.1775,42.435,41.8475,41.8641,61497636.0
1521820800000,41.865,42.48,41.235,41.24,86420768.0
1521835200000,41.245,41.375,41.23,41.2875,3951804.0
1522051200000,41.7125,42.2225,41.7125,42.0125,579544.0
1522065600000,42.04,42.47,41.61,41.9275,64626092.0
1522080000000,41.9275,43.275,41.8237,43.19,64020528.0
1522094400000,43.195,43.2725,42.0492,43.25,4874288.0
1522137600000,43.325,43.675,43.325,43.535,373048.0
1522152000000,43.627,43.7875,43.2225,43.5809,54625148.0
1522166400000,43.585,43.665,41.73,42.0875,90415160.0
1522180800000,42.09,42.8849,42.0025,42.1875,7128112.0
1522224000000,41.975,42.315,41.6525,42.0,733684.0
1522238400000,42.0613,42.285,41.2975,42.0,72355608.0
1522252800000,42.01,42.505,41.4825,41.62,79669440.0
1522267200000,41.63,41.7375,41.56,41.7125,2004228.0
1522310400000,41.95,42.0375,41.7775,41.995,261140.0
1522324800000,42.0125,42.6575,41.725,42.4487,50617732.0
1522828800000,41.4375,41.4375,40.8975,41.3625,581448.0
1522843200000,41.175,42.4475,41.025,42.355,56584888.0
1522857600000,42.35,43.0025,42.1175,42.895,71196860.0
1522872000000,42.885,43.0,42.0975,42.995,2553124.0
1522915200000,43.2525,43.3,43.1,43.21,334572.0
1522929600000,43.12,43.5475,43.02,43.5391,48265084.0
1522944000000,43.5405,43.5576,43.115,43.195,47727532.0
1522958400000,43.2,43.2425,42.2975,42.3975,4340132.0
1523001600000,42.7025,42.85,42.5175,42.5525,350912.0
1523016000000,42.575,43.12,42.4325,42.72,49013652.0
1523030400000,42.7225,42.8225,42.05,42.0875,73076804.0
1523044800000,42.0925,42.17,42.0625,42.1225,6004892.0
1523260800000,42.535,42.6875,42.47,42.5225,294780.0
1523275200000,42.54,43.12,42.4,43.1113,46805664.0
1523289600000,43.1125,43.2725,42.465,42.515,53073308.0
1523304000000,42.535,43.0775,42.4375,42.535,8287476.0
1523347200000,43.0575,43.3,43.0575,43.225,321124.0
1523361600000,43.25,43.3775,42.98,43.295,49492264.0
1523376000000,43.2938,43.5,42.8825,43.3125,55258732.0
1523390400000,43.3075,43.3475,43.225,43.225,2091876.0
1523433600000,43.125,43.145,42.8775,42.99,289984.0
1523448000000,43.0,43.3725,42.9,43.3113,38235080.0
1523462400000,43.31,43.4808,43.0125,43.11,42278280.0
1523476800000,43.1125,43.2075,43.0625,43.18,951540.0
1523520000000,43.125,43.5,43.0,43.425,362956.0
1523534400000,43.45,43.715,43.26,43.64,42143220.0
1523548800000,43.6375,43.75,43.425,43.54,41310248.0
1523563200000,43.5375,43.585,43.43,43.495,2824988.0
1523606400000,43.4975,43.67,43.495,43.6375,121612.0
1523620800000,43.6625,43.96,43.4625,43.8,43172720.0
1523635200000,43.805,43.87,43.52,43.6825,38364916.0
1524124800000,44.325,44.325,43.6375,43.825,720856.0
1524139200000,43.82,44.0,43.315,43.35,61480656.0
1524153600000,43.3475,43.495,43.165,43.2,63816272.0
1524168000000,43.1875,43.205,43.125,43.15,5773744.0
1524211200000,43.075,43.28,42.8875,43.0625,308028.0
1524225600000,43.105,43.225,41.6325,41.725,143616836.0
1524240000000,41.7275,41.7494,41.3575,41.43,97009416.0
1524254400000,41.435,41.5625,41.4,41.525,2340648.0
1524470400000,41.505,41.805,41.5,41.775,522808.0
1524484800000,41.775,41.815,41.3025,41.635,59735704.0
1524499200000,41.635,41.655,41.0225,41.3125,66397996.0
1524513600000,41.3075,41.4075,41.25,41.2875,10446584.0
1524556800000,41.4975,41.575,41.3725,41.4575,371436.0
1524571200000,41.5575,41.5825,40.8575,40.92,58401504.0
1524585600000,40.9175,41.045,40.305,40.735,68042876.0
1524600000000,40.735,40.79,40.5094,40.77,1067048.0
1524643200000,40.775,40.795,40.475,40.62,248564.0
1524657600000,40.5475,41.29,40.46,41.1275,54989892.0
1524672000000,41.1275,41.355,40.835,40.9429,46843064.0
1524686400000,40.9525,41.2475,40.895,41.2475,5031468.0
1524729600000,41.125,41.2225,40.9625,40.9625,203808.0
1524744000000,41.0,41.4325,40.925,41.14,41382372.0
1524758400000,41.14,41.16,40.8425,41.055,55763252.0
1524772800000,41.055,41.295,41.045,41.2075,5540572.0
1524816000000,41.2,41.2425,41.175,41.2175,86740.0
1524830400000,41.205,41.29,40.1575,40.4225,81034064.0
1524844800000,40.4225,40.8025,40.36,40.5825,53172984.0
1524859200000,40.575,40.625,40.5075,40.5425,3362844.0
1525075200000,40.675,40.825,40.675,40.7375,200424.0
1525089600000,40.7875,41.815,40.46,41.375,81955944.0
1525420800000,44.375,44.8175,44.3675,44.7,942052.0
1525435200000,44.7025,45.9125,44.5375,45.675,121510512.0
1525449600000,45.6725,46.0625,45.64,45.9575,91409836.0
1525464000000,45.955,46.025,45.9475,46.025,4649092.0
1525680000000,46.115,46.225,46.0575,46.175,801504.0
1525694400000,46.1925,46.9175,46.13,46.8454,86599820.0
1525708800000,46.8463,46.8526,46.1875,46.2825,75485076.0
1525723200000,46.29,46.5697,46.2275,46.2375,2230948.0
1525766400000,46.29,46.29,46.04,46.2,280416.0
1525780800000,46.1625,46.555,45.9163,46.3025,51242380.0
1525795200000,46.3,46.5175,46.115,46.51,46370580.0
1525809600000,46.51,46.525,46.16,46.5,7012092.0
1525852800000,46.59,46.695,46.575,46.6375,283668.0
1525867200000,46.6337,46.6875,46.305,46.475,36860576.0
1525881600000,46.4775,46.85,46.4175,46.8375,47813212.0
1525896000000,46.8275,46.8775,46.6267,46.87,2435672.0
1525939200000,46.86,46.875,46.8,46.865,161164.0
1525953600000,46.8625,47.4625,46.8,47.4427,48054404.0
1525968000000,47.445,47.5925,47.3602,47.5075,58434260.0
1525982400000,47.51,47.52,47.3825,47.4625,1152856.0
1526025600000,47.4,47.4725,47.275,47.4375,379696.0
1526040000000,47.4125,47.515,47.1075,47.25,43072484.0
1526054400000,47.2513,47.275,46.8625,47.1475,45166348.0
1526068800000,47.1475,47.175,47.1275,47.1375,5738940.0
1526284800000,47.255,47.3375,47.215,47.2625,246924.0
1526299200000,47.295,47.3825,47.065,47.2475,35514620.0
1526313600000,47.2475,47.32,46.965,47.0425,32016320.0
1526328000000,47.0375,47.06,46.955,46.955,6105464.0
1526371200000,46.86,46.9225,46.755,46.85,202348.0
1526385600000,46.85,47.1375,46.4075,46.52,41093676.0
1526889600000,46.8025,46.9875,46.8025,46.9875,179644.0
1526904000000,46.975,47.3175,46.775,46.9025,39865424.0
1526918400000,46.905,47.07,46.7276,46.9025,26779052.0
1526932800000,46.905,46.9325,46.8525,46.8975,1255684.0
1526976000000,46.98,47.125,46.98,47.1,143952.0
1526990400000,47.1125,47.22,46.8125,46.8575,25137236.0
1527004800000,46.86,46.965,46.695,46.8275,24779916.0
1527019200000,46.83,46.8525,46.79,46.8125,4740188.0
1527062400000,46.4975,46.515,46.1625,46.4,343792.0
1527076800000,46.41,46.7875,46.3025,46.5726,28846668.0
1527091200000,46.5775,47.125,46.5525,47.1125,34241344.0
1527105600000,47.0875,47.2025,46.9721,47.1625,7632132.0
1527148800000,47.1725,47.255,47.1275,47.195,208912.0
1527163200000,47.2,47.215,46.5525,46.9075,37495832.0
1527177600000,46.905,47.1625,46.8825,47.0525,37306024.0
1527192000000,47.0525,47.125,47.0125,47.125,1204440.0
1527235200000,47.195,47.2625,47.0375,47.075,114544.0
1527249600000,47.125,47.4125,46.9125,47.3475,32948224.0
1527264000000,47.3475,47.405,47.08,47.145,28714152.0
1527278400000,47.145,47.1825,47.011,47.1825,1469400.0
1527580800000,47.0775,47.0775,46.675,46.9,253840.0
1527595200000,46.755,47.1875,46.7175,46.8075,36796828.0
1527609600000,46.805,47.0375,46.735,46.965,40881700.0
1527624000000,46.975,47.0225,46.7016,46.925,3391896.0
1527667200000,47.05,47.155,46.9525,46.9875,262784.0
1527681600000,47.1,47.125,46.695,46.7775,31562772.0
1527696000000,46.7775,46.9275,46.7425,46.875,36276036.0
1527710400000,46.875,46.875,46.765,46.7925,1831288.0
1527753600000,46.975,46.975,46.925,46.975,140316.0
1527768000000,46.95,47.0575,46.535,46.9625,36069768.0
1527782400000,46.9625,46.9675,46.625,46.72,41577436.0
1527796800000,46.7175,46.756,46.6875,46.7425,8731384.0
1527840000000,46.8825,46.985,46.85,46.9625,171012.0
1527854400000,46.95,47.475,46.9175,47.435,38770052.0
1528099200000,47.69,47.8625,47.67,47.7975,459288.0
1528113600000,47.7,48.2275,47.6875,48.1092,44739012.0
1528128000000,48.11,48.355,47.86,47.9525,54131240.0
1528142400000,47.9575,48.1075,47.95,48.0875,1314956.0
1528185600000,48.0525,48.3125,48.0525,48.2875,424608.0
1528200000000,48.1975,48.485,47.9575,48.3,42997540.0
1528214400000,48.2988,48.395,48.165,48.3275,34670568.0
1528228800000,48.3275,48.3725,48.275,48.325,2210672.0
1528272000000,48.375,48.5325,48.375,48.4975,225152.0
1528286400000,48.45,48.5,47.98,48.2725,34070948.0
1528300800000,48.2723,48.52,48.115,48.5125,33356988.0
1528315200000,48.495,48.5,48.425,48.4625,4730312.0
1528358400000,48.5625,48.6125,48.47,48.515,223304.0
1528372800000,48.5,48.575,48.0838,48.33,31558468.0
1528387200000,48.33,48.48,48.1075,48.37,36612612.0
1528401600000,48.365,48.39,48.25,48.285,9404960.0
1528444800000,47.9375,47.9375,47.0475,47.7375,1458144.0
1528459200000,47.64,47.865,47.4,47.6336,51674896.0
1528473600000,47.6325,48.0,47.6325,47.87,38643620.0
1528488000000,47.8825,48.0,47.8725,48.0,2316392.0
1528704000000,47.9,47.9675,47.8075,47.9375,215780.0
1528718400000,47.8402,47.9925,47.5525,47.7963,34925592.0
1528732800000,47.7975,47.965,47.7675,47.815,31422816.0
1528747200000,47.7875,47.8325,47.7525,47.7625,1439644.0
1528790400000,47.8725,47.8725,47.75,47.825,66204.0
1528804800000,47.8075,47.9725,47.7525,47.9225,25603628.0
1528819200000,47.9225,48.1528,47.82,48.0625,33685632.0
1528833600000,48.07,48.125,48.015,48.125,1790556.0
1528876800000,48.125,48.1675,48.055,48.1375,128460.0
1528891200000,48.155,48.22,47.9525,48.1863,24462220.0
1528905600000,48.1875,48.19,47.61,47.6775,47023224.0
1528920000000,47.675,47.8894,47.6394,47.6625,2907968.0
1528963200000,47.6575,47.785,47.585,47.785,101412.0
1529308800000,47.08,47.08,46.875,46.875,191940.0
1529323200000,46.9125,47.305,46.8,47.23,30680576.0
1529337600000,47.2275,47.305,47.1575,47.19,27321432.0
1529352000000,47.185,47.2425,46.925,47.0825,5929488.0
1529395200000,46.75,46.825,46.5,46.725,494604.0
1529409600000,46.75,46.8225,45.8625,46.2829,74210304.0
1529424000000,46.2825,46.4775,46.2,46.4425,42137476.0
1529438400000,46.4475,46.45,46.1587,46.4375,6104228.0
1529481600000,46.65,46.735,46.5,46.65,250116.0
1529496000000,46.665,46.75,46.4325,46.5013,33548676.0
1529510400000,46.5025,46.8,46.4879,46.625,35044804.0
1529524800000,46.625,46.95,46.6075,46.8775,6300092.0
1529568000000,46.8325,46.965,46.6025,46.9625,155136.0
1529582400000,46.8495,47.0875,46.5825,46.6675,35132248.0
1529596800000,46.665,46.67,46.235,46.3675,57786036.0
1529611200000,46.365,46.365,46.2375,46.27,3880488.0
1529654400000,46.45,46.625,46.45,46.5425,80128.0
1529668800000,46.55,46.655,46.205,46.315,26959220.0
1529683200000,46.3162,46.5,46.175,46.23,33105328.0
1529697600000,46.23,46.4925,46.2125,46.235,10725648.0
1529913600000,46.125,46.125,45.675,45.83,347448.0
1529928000000,45.7025,46.23,45.545,45.58,50962836.0
1529942400000,45.5825,45.71,45.1825,45.545,63573352.0
1529956800000,45.5425,45.7005,45.4275,45.5425,3271896.0
1530000000000,45.825,45.825,45.635,45.6725,132356.0
1530014400000,45.75,46.305,45.635,46.2075,42508544.0
1530028800000,46.203,46.6325,46.0,46.11,44013604.0
1530043200000,46.1075,46.2689,46.0725,46.1425,1358692.0
1530086400000,45.9725,46.28,45.625,46.1975,398836.0
1530100800000,46.22,46.82,45.8,46.6975,36116704.0
1530115200000,46.69,46.735,46.0075,46.0413,53234888.0
1530129600000,46.0425,46.9281,46.015,46.16,2642308.0
1530172800000,46.1925,46.2475,46.1375,46.17,186808.0
1530604800000,46.8175,46.9975,46.8175,46.965,252108.0
1530619200000,46.975,46.9975,46.545,46.6108,28993660.0
1530633600000,46.6125,46.65,45.885,45.98,25179560.0
1530648000000,46.0,46.0,45.9525,45.99,14344.0
1530777600000,46.1125,46.355,46.1125,46.35,195884.0
1530792000000,46.3563,46.6025,46.07,46.36,33378484.0
1530806400000,46.36,46.5225,46.24,46.345,26530188.0
1530820800000,46.36,46.4225,46.2,46.2125,1473352.0
1530864000000,46.2125,46.325,46.15,46.2625,71804.0
1530878400000,46.275,46.935,46.25,46.85,31350164.0
1530892800000,46.8538,47.1085,46.84,46.995,30696292.0
1530907200000,47.005,47.1,46.9925,47.0875,1522152.0
1531108800000,47.225,47.225,47.225,47.225,1776.0
1531123200000,47.25,47.2875,47.2,47.2875,199644.0
1531137600000,47.2625,47.67,47.225,47.5792,37607848.0
1531152000000,47.5838,47.665,47.435,47.6525,29387888.0
1531166400000,47.67,47.775,47.4345,47.635,4949980.0
1531209600000,47.6425,47.75,47.5625,47.695,237372.0
1531224000000,47.7105,47.8025,47.555,47.7975,28530028.0
1531238400000,47.7986,47.82,47.545,47.5875,25381192.0
1531252800000,47.5775,47.62,47.155,47.17,2091444.0
1531296000000,47.15,47.235,47.0025,47.1875,183252.0
1531310400000,47.2073,47.445,46.98,46.9925,31474900.0
1531324800000,46.9919,47.1425,46.9025,46.9825,31324740.0
1531339200000,46.97,47.03,46.95,47.0,2400100.0
1531382400000,47.1175,47.3,47.0875,47.3,95616.0
1531396800000,47.2675,47.75,47.2525,47.7425,30417960.0
1531411200000,47.7425,47.8525,47.645,47.76,31160940.0
1531425600000,47.7575,47.7775,47.625,47.7725,3361448.0
1531468800000,47.8,47.875,47.7125,47.7825,118644.0
1531483200000,47.8525,47.96,47.7,47.925,22001796.0
1531497600000,47.93,47.9375,47.7375,47.8325,21890500.0
1531512000000,47.8325,47.8725,47.825,47.8425,1863208.0
1531728000000,48.0,48.0,47.85,47.91,124968.0
1531742400000,47.9425,48.1625,47.7431,47.8275,25217944.0
1531756800000,47.8275,47.8425,47.6038,47.73,25836752.0
1531771200000,47.7275,47.7275,47.4076,47.4925,3384176.0
1531900800000,48.0125,48.1,47.9875,48.025,163392.0
1531915200000,48.05,48.0599,47.4825,47.5986,32880468.0
1531929600000,47.6,47.6675,47.49,47.6,20905772.0
1531944000000,47.585,47.635,47.5467,47.6325,6350528.0
1531987200000,47.55,47.625,47.475,47.5,327980.0
1532001600000,47.5188,48.1375,47.4225,48.12,34427792.0
1532016000000,48.1175,48.1325,47.9125,47.9925,31014908.0
1532030400000,47.97,48.08,47.9375,48.045,2946312.0
1532073600000,48.1225,48.125,47.78,47.95,152792.0
1532088000000,47.995,48.1075,47.8775,48.0125,25439136.0
1532102400000,48.0125,48.025,47.5425,47.9175,37760456.0
1532116800000,47.86,47.86,47.6925,47.8325,4956752.0
1532332800000,47.7125,47.75,47.65,47.75,110400.0
1532347200000,47.6575,47.965,47.39,47.6725,28072288.0
1532361600000,47.675,47.99,47.6625,47.9,22660648.0
1532376000000,47.9025,48.0225,47.85,47.9725,5497780.0
1532419200000,48.025,48.135,47.8775,48.0625,252776.0
1532433600000,47.9625,48.415,47.9375,48.105,32714076.0
1532448000000,48.1075,48.25,48.0925,48.2475,29500084.0
1532462400000,48.2475,48.265,48.2175,48.225,3086904.0
1532505600000,48.2525,48.2525,48.1275,48.1775,36132.0
1532520000000,48.25,48.4125,48.1075,48.37,22965352.0
1532534400000,48.37,48.7125,48.355,48.705,35302812.0
1532548800000,48.705,48.705,47.925,48.2125,3092784.0
1532592000000,48.205,48.45,48.205,48.4475,256684.0
1532606400000,48.39,48.99,48.39,48.735,39358360.0
1532620800000,48.7363,48.755,48.5,48.5575,27526948.0
1532635200000,48.54,48.7225,48.3725,48.65,2481052.0
1532678400000,48.65,48.7725,48.65,48.6875,179824.0
1532692800000,48.745,48.7975,48.28,48.3825,30032296.0
1532707200000,48.38,48.395,47.525,47.745,55998652.0
1532721600000,47.745,47.7875,47.6625,47.745,1401364.0
1532937600000,47.75,47.9675,47.7,47.9125,304700.0
1533196800000,49.975,50.1475,49.9225,50.125,986856.0
1533211200000,50.075,51.7625,50.015,51.6675,133099248.0
1533225600000,51.6725,52.095,51.5263,51.845,105007764.0
1533240000000,51.85,51.885,51.7725,51.7725,2290880.0
1533283200000,51.65,51.92,51.625,51.8925,583288.0
1533297600000,51.7626,51.92,51.3701,51.755,65036208.0
1533312000000,51.7575,52.185,51.755,51.995,55847664.0
1533326400000,51.9975,52.0422,51.9375,51.9825,1901172.0
1533542400000,52.0175,52.0775,51.8875,52.0425,223556.0
1533556800000,52.075,52.26,51.7675,52.045,46992864.0
1533571200000,52.0475,52.3125,52.02,52.265,45270032.0
1533585600000,52.2675,52.2825,52.1498,52.265,798552.0
1533628800000,52.3125,52.4675,52.28,52.3625,231164.0
1533643200000,52.395,52.42,51.69,51.785,56051524.0
1533657600000,51.7875,51.94,51.715,51.7775,39806336.0
1533672000000,51.7775,51.8788,51.72,51.72,2272956.0
1533715200000,51.7,51.7575,51.55,51.625,301760.0
1533729600000,51.745,51.9525,51.13,51.6918,50847176.0
1533744000000,51.695,51.88,51.64,51.8125,28967492.0
1533758400000,51.8125,51.8125,51.7,51.75,2298632.0
1533801600000,51.725,51.81,51.6125,51.785,143400.0
1533816000000,51.7725,52.3975,51.7488,52.2375,45216036.0
1533830400000,52.2375,52.445,52.2063,52.2225,42013248.0
1533844800000,52.2575,52.2675,52.175,52.21,1119272.0
1533888000000,51.975,51.975,51.75,51.85,321120.0
1533902400000,51.9106,52.275,51.8,51.995,50504668.0
1533916800000,51.9925,52.0415,51.6675,51.8875,40505644.0
1533931200000,51.8825,51.945,51.8825,51.925,1086552.0
1534147200000,51.675,51.9625,51.65,51.935,121808.0
1534161600000,51.8375,52.738,51.79,52.315,54863976.0
1534176000000,52.315,52.4975,52.1875,52.215,41874132.0
1534492800000,53.375,53.5,53.2725,53.3,137072.0
1534507200000,53.3625,54.42,53.2,54.325,72731000.0
1534521600000,54.3292,54.4875,54.025,54.4025,60922648.0
1534536000000,54.395,54.4,54.3525,54.3825,2409004.0
1534752000000,54.5625,54.8375,54.465,54.5,871292.0
1534766400000,54.66,54.795,53.7775,53.8275,70623348.0
1534780800000,53.83,54.2,53.7775,53.8625,40358596.0
1534795200000,53.865,53.8875,53.8275,53.88,4238624.0
1534838400000,54.025,54.25,54.0,54.1125,288072.0
1534852800000,54.1985,54.2425,53.5063,54.11,52390420.0
1534867200000,54.1086,54.2975,53.5225,53.765,42675852.0
1534881600000,53.76,53.8,53.4375,53.4425,3538532.0
1534924800000,53.5,53.7375,53.5,53.6625,204836.0
1534939200000,53.6375,54.09,53.46,54.0325,34418760.0
1534953600000,54.03,54.0425,53.64,53.765,31605840.0
1534968000000,53.765,53.8125,53.7375,53.8125,4199140.0
1535011200000,53.8125,53.8725,53.7575,53.7875,103216.0
1535025600000,53.8468,54.2625,53.65,53.86,33968644.0
1535040000000,53.8625,54.1713,53.7875,53.895,31861756.0
1535054400000,53.8725,53.975,53.8725,53.925,2086528.0
1535097600000,54.075,54.1125,54.025,54.105,106644.0
1535112000000,54.0875,54.225,53.7775,54.0175,37871124.0
1535126400000,54.02,54.135,53.945,54.035,27796876.0
1535140800000,54.04,54.0875,54.02,54.075,2317928.0
1535356800000,54.195,54.2875,54.195,54.205,181556.0
1535371200000,54.25,54.685,54.0825,54.6388,41213356.0
1535385600000,54.64,54.66,54.3875,54.4975,31012836.0
1535400000000,54.485,54.54,54.465,54.54,2935276.0
1535443200000,54.575,54.71,54.575,54.71,186888.0
1535457600000,54.6375,54.9725,54.6125,54.805,42619788.0
1535472000000,54.8075,55.135,54.7725,54.9275,42851676.0
1535486400000,54.925,54.9875,54.485,54.97,1495372.0
1535529600000,55.0625,55.125,54.9825,55.0875,176036.0
1536048000000,57.0625,57.175,56.8875,56.995,486996.0
1536062400000,57.04,57.295,56.6575,56.93,57777168.0
1536076800000,56.93,57.185,56.7475,57.09,39317732.0
1536091200000,57.09,57.145,57.0625,57.1125,2689956.0
1536134400000,57.0625,57.125,56.9,57.0625,232728.0
1536148800000,57.025,57.4175,56.275,56.7975,66293160.0
1536163200000,56.8,57.2425,56.48,56.7175,53753628.0
1536177600000,56.7175,56.78,56.6625,56.67,5003032.0
1536220800000,56.67,57.0,56.6,56.7925,195788.0
1536235200000,56.725,56.925,55.325,55.88,75981680.0
1536249600000,55.8775,55.975,55.5825,55.78,51439012.0
1536264000000,55.7875,55.875,55.6746,55.875,2670500.0
1536307200000,55.885,55.9625,55.78,55.78,262188.0
1536321600000,55.8875,56.3425,55.385,56.1488,49432952.0
1536336000000,56.1487,56.21,55.1775,55.355,88261244.0
1536350400000,55.325,55.9807,54.88,55.0825,5166168.0
1536566400000,55.25,55.6125,55.175,55.575,504464.0
1536580800000,55.4875,55.6225,54.1175,54.84,84789244.0
1536595200000,54.8413,54.8425,54.2025,54.5851,56097732.0
1536609600000,54.5825,54.725,54.5,54.6775,2417876.0
1536652800000,54.8425,54.8425,54.525,54.63,262936.0
1536667200000,54.675,55.7325,54.14,55.7225,60850048.0
1536681600000,55.7225,56.0748,55.705,55.965,71408168.0
1536696000000,55.9675,56.145,55.9325,56.1125,3133020.0
1536739200000,56.25,56.375,56.1275,56.21,752800.0
1536753600000,56.22,56.325,54.96,55.2175,83519408.0
1536768000000,55.2175,56.105,54.97,55.265,103194188.0
1536782400000,55.2675,55.37,55.2,55.225,1966452.0
1536825600000,55.425,55.735,55.25,55.6925,555308.0
1537171200000,55.975,55.975,55.3275,55.4675,514660.0
1537185600000,55.675,55.7375,54.81,54.9875,60195060.0
1537200000000,54.989,55.15,54.3175,54.4725,75160380.0
1537214400000,54.47,54.525,54.0,54.0625,3046216.0
1537257600000,54.54,54.74,54.5,54.61,289824.0
1537272000000,54.6678,55.4625,54.28,54.9075,68498316.0
1537286400000,54.9063,54.9975,54.5425,54.56,47149764.0
1537300800000,54.56,54.625,54.515,54.61,2035276.0
1537344000000,54.625,54.71,54.525,54.525,148676.0
1537358400000,54.6725,54.905,53.825,54.5225,60359028.0
1537372800000,54.5175,54.695,54.3275,54.585,38246352.0
1537387200000,54.5925,54.775,54.5925,54.7,1630596.0
1537430400000,54.75,54.9625,54.7375,54.95,311236.0
1537444800000,54.8725,55.57,54.785,55.3225,50835104.0
1537459200000,55.3213,55.326,54.9975,55.01,41039940.0
1537473600000,55.01,55.1775,54.975,55.0475,2465484.0
1537516800000,55.19,55.36,54.98,55.075,139676.0
1537531200000,55.155,55.34,54.595,54.8367,85162936.0
1537545600000,54.8375,54.9975,54.3225,54.4138,76387752.0
1537560000000,54.415,54.5,54.37,54.46,79095532.0
1537776000000,54.4125,54.4125,54.115,54.215,198332.0
1537790400000,54.2175,55.05,54.1275,55.025,53476524.0
1537804800000,55.0275,55.315,54.9,55.1975,41057196.0
1537819200000,55.1975,55.2875,55.1975,55.285,4295484.0
1537862400000,55.375,55.3975,55.2125,55.25,441712.0
1537876800000,55.3125,55.705,54.8125,55.631,42271164.0
1537891200000,55.6325,55.6748,55.4158,55.5475,33813760.0
1537905600000,55.5475,55.595,55.5,55.565,3480324.0
1537948800000,55.675,55.7475,55.4125,55.455,205324.0
1537963200000,55.5625,55.9375,55.25,55.7113,35066076.0
1538380800000,56.6875,57.11,56.6875,56.9625,513928.0
1538395200000,56.93,57.355,56.8575,57.22,42914508.0
1538409600000,57.2213,57.2213,56.5875,56.8175,36899356.0
1538424000000,56.815,56.855,56.8,56.845,1862944.0
1538467200000,56.4375,56.6925,56.4175,56.66,208860.0
1538481600000,56.5563,57.4625,56.5563,57.4525,44397160.0
1538496000000,57.4525,57.5,56.98,57.3225,44388956.0
1538510400000,57.32,57.375,57.1634,57.375,4053172.0
1538553600000,57.5,57.6125,57.4625,57.55,165580.0
1538568000000,57.5,58.3675,57.445,58.1825,62256452.0
1538582400000,58.185,58.235,57.8928,58.025,40288952.0
1538596800000,58.0175,58.035,57.8975,57.93,4730376.0
1538640000000,57.625,57.895,57.445,57.69,538168.0
1538654400000,57.6813,58.0875,56.955,57.0375,57793848.0
1538668800000,57.0375,57.2175,56.6825,56.9975,57550580.0
1538683200000,56.9675,57.075,56.9475,57.025,4732676.0
1538726400000,56.7675,57.025,56.7675,56.9025,150736.0
1538740800000,57.05,57.125,55.8875,55.9755,50835228.0
1538755200000,55.98,56.345,55.145,56.065,74537004.0
1538769600000,56.0725,56.1875,55.975,55.9975,2140164.0
1538985600000,55.9975,56.1875,55.72,56.09,450540.0
1539000000000,55.9463,56.1425,55.05,55.39,52304752.0
1539014400000,55.385,56.2,55.1375,55.94,49688968.0
1539028800000,55.9425,56.0125,55.94,55.96,6217752.0
1539072000000,55.8675,55.8675,55.435,55.475,313360.0
1539086400000,55.4975,56.7625,55.47,56.6375,55737084.0
1539100800000,56.6413,56.8175,56.1943,56.7175,42378136.0
1539115200000,56.7175,56.775,56.625,56.7525,2109440.0
1539158400000,56.78,56.8575,56.575,56.625,252964.0
1539172800000,56.745,56.87,55.5425,55.8375,56268192.0
1539187200000,55.835,55.9925,54.0125,54.0975,88738428.0
1539676800000,54.5,54.725,54.5,54.6875,288900.0
1539691200000,54.6,55.0575,54.1907,55.0375,52583648.0
1539705600000,55.0375,55.7475,54.8275,55.5325,52074636.0
1539720000000,55.5375,55.8125,55.381,55.7875,3256004.0
1539763200000,55.7875,55.9825,55.4625,55.4975,292748.0
1539777600000,55.525,55.8125,54.835,55.2575,42635872.0
1539792000000,55.265,55.66,54.98,55.3,36940208.0
1539806400000,55.2975,55.3975,55.0,55.125,2724272.0
1539849600000,55.15,55.2625,54.75,54.75,444012.0
1539864000000,55.0,55.0,53.9675,54.0725,52608364.0
1539878400000,54.0725,54.52,53.25,54.03,66416324.0
1539892800000,54.005,54.7986,53.995,54.125,3157132.0
1539936000000,54.2975,54.6775,54.17,54.6375,512876.0
1539950400000,54.4795,55.315,54.3775,54.905,61541604.0
1539964800000,54.9175,55.0525,54.3575,54.825,58302792.0
1539979200000,54.8275,54.8675,54.6775,54.75,4825660.0
1540195200000,54.75,55.365,54.75,55.25,296660.0
1540209600000,55.235,55.84,54.735,55.48,54475828.0
1540224000000,55.48,55.605,54.9463,55.1475,47884436.0
1540238400000,55.1625,55.22,55.04,55.05,4254156.0
1540281600000,54.9675,54.9675,54.085,54.2875,674620.0
1540296000000,54.4375,54.55,53.675,54.2188,72044012.0
1540310400000,54.2188,55.8125,54.215,55.6913,74247308.0
1540324800000,55.6825,55.805,55.565,55.575,2361240.0
1540368000000,55.2575,55.8075,55.055,55.8,567412.0
1540382400000,55.7,56.0575,54.73,55.385,64130044.0
1540396800000,55.3825,55.415,53.635,53.77,81019988.0
1540411200000,53.7725,54.3,53.735,54.245,7610136.0
1540454400000,54.625,55.0,54.5,54.555,508024.0
1540972800000,54.0,54.1875,53.6,53.7875,1140840.0
1540987200000,53.9245,54.9775,53.625,54.6366,59698656.0
1541001600000,54.64,55.1125,54.4625,54.6975,68182080.0
1541016000000,54.715,54.8225,54.5,54.7925,8695852.0
1541059200000,54.745,55.125,54.625,54.9825,1051024.0
1541073600000,55.0,55.125,54.2025,54.815,66489596.0
1541088000000,54.8125,55.59,54.5575,55.515,98313872.0
1541102400000,55.555,55.8725,51.29,51.9525,62179100.0
1541145600000,52.495,53.05,52.025,52.4,4967296.0
1541160000000,52.4,53.4125,51.595,51.8149,209552088.0
1541174400000,51.8175,52.5375,51.3575,51.8675,130472372.0
1541188800000,51.8675,51.87,51.3775,51.625,7092876.0
1541404800000,51.625,51.625,51.2875,51.355,255248.0
1541419200000,51.32,51.535,49.5425,50.3371,136166036.0
1541433600000,50.3364,50.4725,49.89,50.2311,84740144.0
1541448000000,50.2325,50.485,50.2075,50.4275,33066688.0
1541462400000,50.4275,50.5,50.41,50.5,94820.0
1541491200000,50.4725,50.4725,50.0625,50.14,58852.0
1541505600000,50.16,51.18,50.0525,50.7325,52516848.0
1541520000000,50.7375,50.9625,50.4225,50.559,44762512.0
1541534400000,50.56,51.0528,50.4625,50.9875,22426460.0
1541548800000,50.9625,51.0625,50.8125,50.95,175860.0
1541577600000,51.58,51.8,51.5,51.525,315780.0
1541592000000,51.5,51.6725,51.0325,51.535,44839632.0
1541606400000,51.5425,52.0475,51.4475,51.9875,48867052.0
1541620800000,51.9904,52.585,51.97,52.5075,30801932.0
1541635200000,52.525,52.6125,52.5175,52.5625,130804.0
1541664000000,52.595,52.595,52.105,52.2725,312528.0
1542272400000,47.0,47.175,46.75,47.05,522684.0
1542286800000,47.065,47.72,46.725,47.557,82570712.0
1542301200000,47.555,47.9925,47.225,47.8525,86718880.0
1542315600000,47.8525,47.9375,47.5025,47.5125,5502888.0
1542358800000,47.645,47.645,47.395,47.54,241284.0
1542373200000,47.4625,48.7424,47.315,48.2075,74071736.0
1542387600000,48.2119,48.6375,48.0578,48.3825,58135572.0
1542402000000,48.3825,48.5,48.3775,48.5,4811896.0
1542618000000,48.6775,48.7,47.35,47.595,1035880.0
1542632400000,47.595,47.7775,46.4075,46.5611,78429920.0
1542646800000,46.5625,46.7725,46.2475,46.4625,70211236.0
1542661200000,46.465,46.5375,46.1275,46.225,6794756.0
1542704400000,45.75,45.935,45.175,45.175,1600132.0
1542718800000,45.1875,45.715,43.8775,45.1675,149765604.0
1542733200000,45.1675,45.3675,43.9625,44.235,102329800.0
1542747600000,44.245,44.3125,44.0,44.25,5924548.0
1542790800000,44.5125,44.88,44.0725,44.775,1235780.0
1542805200000,44.4238,45.0675,44.2488,44.4375,66706636.0
1542819600000,44.44,44.595,44.1375,44.19,43618276.0
1542834000000,44.195,44.2475,44.1425,44.245,4842296.0
1542963600000,43.9725,43.9875,43.675,43.9875,175216.0
1542978000000,43.93,44.1488,43.175,43.2125,63356716.0
1542992400000,43.2075,43.3298,43.025,43.0725,28827736.0
1543006800000,42.9875,43.0425,42.975,43.0025,64752.0
1543222800000,43.6375,43.9975,43.525,43.625,937116.0
1543237200000,43.64,43.875,42.835,42.9342,79274020.0
1543251600000,42.93,43.6575,42.565,43.655,81565860.0
1543266000000,43.655,43.655,42.7125,42.7325,7834812.0
1543568400000,44.8025,44.8025,44.4025,44.6475,207108.0
1543582800000,44.5025,45.0825,44.4,44.5525,45731596.0
1543597200000,44.555,44.8275,44.2575,44.65,68221160.0
1543611600000,44.65,44.77,44.595,44.7,7567944.0
1543827600000,46.05,46.4625,46.025,46.1,1743480.0
1543842000000,46.1,46.215,45.3025,45.35,80052652.0
1543856400000,45.3525,46.235,45.3525,46.2325,62077852.0
1543870800000,46.205,46.2375,45.45,45.5,8341696.0
1543914000000,45.4625,45.57,45.2625,45.325,466960.0
1543928400000,45.3875,45.5975,45.1025,45.1275,52536392.0
1543942800000,45.125,45.1567,44.0675,44.1775,90886656.0
1543957200000,44.1725,44.23,43.9625,44.125,5546256.0
1544086800000,43.5,43.5,42.7875,43.0925,1327688.0
1544101200000,43.0725,43.29,42.605,43.1103,90929624.0
1544115600000,43.1106,43.695,42.9075,43.69,63429600.0
1544130000000,43.68,43.84,43.5097,43.75,5504544.0
1544173200000,43.4375,43.485,43.2375,43.4075,164144.0
1544187600000,43.35,43.8,42.5225,42.53,61605400.0
1544202000000,42.5275,42.865,42.075,42.0975,87552376.0
1544216400000,42.1225,42.1875,42.0225,42.0225,7575608.0
1544432400000,41.7,42.055,41.7,41.99,574044.0
1544446800000,41.9775,42.0675,40.8325,41.2713,116649204.0
1544461200000,41.2675,42.5225,41.0975,42.4025,115826236.0
1544475600000,42.4,42.575,42.2675,42.2875,6565476.0
1544518800000,42.375,42.95,42.2875,42.8025,557064.0
1544533200000,42.8963,42.995,41.935,42.5575,90577756.0
1545037200000,41.42,41.5725,41.125,41.25,298524.0
1545051600000,41.37,42.0875,41.1525,42.01,62422788.0
1545066000000,42.0125,42.0725,40.6825,41.0525,88884512.0
1545080400000,40.985,41.1825,40.95,41.175,4211324.0
1545123600000,41.175,41.4375,41.1,41.4025,298884.0
1545138000000,41.3519,41.5825,41.1675,41.3938,49915100.0
1545152400000,41.3825,41.8825,41.0975,41.4725,68500660.0
1545166800000,41.5175,41.575,41.1275,41.34,4593716.0
1545210000000,41.6075,41.7425,41.575,41.6725,74328.0
1545224400000,41.67,41.8625,41.24,41.6425,40825032.0
1545238800000,41.6449,41.8175,39.7725,40.19,124201624.0
1545253200000,40.2225,40.3,40.0,40.3,10426848.0
1545296400000,40.0475,40.4225,40.0475,40.3675,305756.0
1545310800000,40.4375,40.5275,39.66,39.8475,88492544.0
1545325200000,39.8475,39.91,38.825,39.225,147014176.0
1545339600000,39.2075,39.535,39.175,39.375,4997744.0
1545382800000,39.25,39.365,39.0675,39.2075,226768.0
1545397200000,39.2125,39.55,38.5475,38.6025,122143012.0
1545411600000,38.605,38.62,37.4075,37.69,142536244.0
1545426000000,37.68,37.7775,37.5,37.525,25947336.0
1545642000000,37.6575,38.4325,37.2075,37.25,625952.0
1545656400000,37.3125,37.8875,36.815,37.1375,105601304.0
1545670800000,37.1375,37.2675,36.6475,36.7075,40297556.0
1545685200000,36.6675,36.6875,36.6325,36.6875,52432.0
1545814800000,36.65,37.0675,36.605,36.98,528632.0
1545829200000,36.8125,37.7,36.68,37.685,92038384.0
1545843600000,37.6825,39.3075,37.6275,39.2925,116738656.0
1545858000000,39.2925,39.325,39.0375,39.1,9000492.0
1545901200000,38.745,39.0175,38.5625,38.7725,361652.0
1546246800000,39.32,39.6925,39.32,39.6125,189596.0
1546261200000,39.4838,39.84,39.0575,39.49,58605788.0
1546275600000,39.4975,39.735,39.12,39.485,62269504.0
1546290000000,39.435,39.545,39.35,39.545,6146092.0
1546419600000,38.6,38.8375,38.2525,38.625,545804.0
1546434000000,38.75,39.6075,38.5575,39.2575,61185436.0
1546448400000,39.2663,39.7125,39.1825,39.48,53080432.0
1546462800000,39.48,39.4925,36.1275,36.5,24973332.0
1546506000000,36.5,36.665,35.7825,36.23,3994580.0
1546520400000,35.975,36.5,35.52,36.1825,202465680.0
1546534800000,36.182,36.43,35.5,35.5213,139490700.0
1546549200000,35.5475,35.73,35.52,35.52,3363276.0
1546592400000,35.95,36.2375,35.9125,36.0375,1206688.0
1546606800000,35.9775,36.9925,35.9,36.775,121717324.0
1546621200000,36.775,37.1375,36.7125,37.065,89864580.0
1546635600000,37.065,37.1,36.7721,37.1,6677420.0
1546851600000,37.1625,37.225,36.9975,37.1,430668.0
1546866000000,37.1882,37.21,36.475,36.8176,101533364.0
1546880400000,36.8175,37.1,36.5525,36.9725,103089240.0
1546894800000,36.9825,37.0462,36.9025,37.015,4333656.0
1546938000000,37.125,37.1875,36.9975,37.1325,409480.0
1546952400000,37.1625,37.555,37.0675,37.3791,71491080.0
1546966800000,37.3802,37.955,37.3575,37.6925,79201980.0
1546981200000,37.6875,37.8,37.6118,37.7875,5541708.0
1547024400000,37.8,38.3,37.8,37.92,1113616.0
1547038800000,38.0,38.51,37.4075,38.4525,92426424.0
1547456400000,37.9,37.9,37.625,37.7,243748.0
1547470800000,37.6889,38.0725,37.305,37.4425,58479620.0
1547485200000,37.4444,37.7,37.3675,37.4975,52143544.0
1547499600000,37.5,37.58,37.4275,37.5625,7416168.0
1547542800000,37.765,37.765,37.5775,37.6375,175232.0
1547557200000,37.65,38.1575,37.5025,38.135,44674884.0
1547571600000,38.1331,38.3475,37.96,38.2625,61124568.0
1547586000000,38.2675,38.3525,38.1775,38.275,2396264.0
1547629200000,38.375,38.415,38.15,38.3,216484.0
1547643600000,38.275,38.97,38.19,38.6863,65122536.0
1547658000000,38.6875,38.8525,38.625,38.73,44490808.0
1547672400000,38.735,38.755,38.3725,38.6125,3598760.0
1547715600000,38.5,38.525,38.4,38.485,156140.0
1547730000000,38.735,38.735,38.315,38.5375,40427900.0
1547744400000,38.5375,39.415,38.4938,38.965,69956408.0
1547758800000,38.965,39.1225,38.75,39.0,2548460.0
1547802000000,39.125,39.24,39.0025,39.155,258212.0
1547816400000,39.2383,39.4925,39.055,39.325,59523988.0
1547830800000,39.325,39.4075,38.9952,39.205,58129608.0
1547845200000,39.205,39.205,39.0935,39.14,5576240.0
1548147600000,39.05,39.05,38.7875,38.875,178552.0
1548162000000,38.8775,39.205,38.6125,38.645,39825568.0
1548176400000,38.645,38.8325,38.155,38.4225,61635628.0
1548190800000,38.325,38.4125,38.265,38.3725,6580712.0
1548234000000,38.4475,38.5875,38.4,38.5275,125784.0
1548248400000,38.5,38.785,38.01,38.0606,39262352.0
1548262800000,38.06,38.4925,37.925,38.4925,43931272.0
1548277200000,38.48,38.5,38.38,38.49,2267612.0
1548320400000,38.5475,38.7875,38.5475,38.585,174764.0
1548334800000,38.6875,38.7,37.9675,38.2388,43619304.0
1548349200000,38.2375,38.2375,37.935,38.1775,41785292.0
1548752400000,38.9125,39.1625,38.9125,39.12,178312.0
1548766800000,39.1,39.5325,38.8113,39.1025,53750304.0
1548781200000,39.1,39.25,38.5275,38.6595,72838748.0
1548795600000,38.67,41.2125,37.75,40.875,35243084.0
1548838800000,40.825,40.9225,40.6075,40.675,1822416.0
1548853200000,40.6975,40.875,40.0575,40.5761,112792808.0
1548867600000,40.5775,41.5375,40.475,41.31,116563124.0
1548882000000,41.3125,41.465,41.25,41.375,3570852.0
1548925200000,41.5875,41.6625,41.45,41.625,525476.0
1548939600000,41.5499,42.25,41.14,42.2209,69734788.0
1548954000000,42.22,42.2275,41.545,41.5675,61184212.0
1548968400000,41.61,41.7475,41.55,41.7425,10189840.0
1549011600000,41.6875,41.755,41.5825,41.625,123420.0
1549026000000,41.63,42.245,41.5275,41.9725,53083556.0
1549040400000,41.9714,41.9775,41.4825,41.6325,51852464.0
1549054800000,41.6625,41.71,41.625,41.6375,7528208.0
1549270800000,41.725,41.79,41.725,41.775,132760.0
1549285200000,41.76,42.8425,41.6875,42.7675,66775440.0
1549299600000,42.7725,42.9138,42.6425,42.8175,44854188.0
1549314000000,42.8125,42.8225,42.7075,42.725,5860052.0
1549357200000,42.825,43.1325,42.825,43.0875,445472.0
1549371600000,43.095,43.77,43.0,43.6027,68421172.0
1549386000000,43.6075,43.62,43.1725,43.525,62746192.0
1549400400000,43.545,43.5725,43.4725,43.5375,3220956.0
1549443600000,43.5475,43.6925,43.4075,43.6475,324792.0
1549458000000,43.6125,43.8925,43.2133,43.7071,56044060.0
1549472400000,43.7075,43.7175,43.42,43.57,48085444.0
1549486800000,43.56,43.575,43.5,43.5,1506860.0
1550048400000,42.8775,42.945,42.875,42.9025,94892.0
1550062800000,42.9175,43.12,42.6425,42.7375,43142956.0
1550077200000,42.74,42.79,42.48,42.5425,37306892.0
1550091600000,42.545,42.57,42.375,42.4125,3360512.0
1550134800000,42.6525,42.7225,42.605,42.605,103560.0
1550149200000,42.6375,42.8154,42.2875,42.67,41213928.0
1550163600000,42.67,42.8075,42.6025,42.6975,33342612.0
1550178000000,42.7,42.7,42.1775,42.4,6963820.0
1550221200000,42.37,42.6175,42.2925,42.5375,175668.0
1550235600000,42.455,42.965,42.4075,42.5325,50709820.0
1550250000000,42.5325,42.6575,42.4675,42.595,36811640.0
1550264400000,42.605,42.625,42.5525,42.625,2896176.0
1550566800000,42.6175,42.6175,42.375,42.5,149796.0
1550581200000,42.4577,42.75,42.3525,42.6875,36869868.0
1550595600000,42.68,42.86,42.5775,42.735,29794364.0
1550610000000,42.7325,42.75,42.5867,42.75,3808540.0
1550653200000,42.7375,42.7425,42.58,42.6675,98636.0
1550667600000,42.6625,43.33,42.6075,43.16,49916076.0
1550682000000,43.1625,43.2075,42.8375,43.0225,41279920.0
1550696400000,43.0075,43.0766,42.9475,42.9725,4928532.0
1550739600000,43.0,43.1,42.91,42.94,123828.0
1550754000000,42.94,43.0925,42.62,42.8325,35496760.0
1550768400000,42.835,42.925,42.575,42.785,27887612.0
1550782800000,42.765,42.765,42.6925,42.7475,748212.0
1550826000000,42.9225,43.0325,42.88,42.9425,98648.0
1550840400000,43.0,43.17,42.82,43.0613,29657996.0
1550854800000,43.06,43.25,42.9625,43.2425,32337152.0
1550869200000,43.2425,43.27,43.0845,43.19,2205180.0
1551085200000,43.4175,43.67,43.4075,43.5725,335808.0
1551099600000,43.5875,43.9675,43.375,43.8488,43537900.0
1551114000000,43.8475,43.8663,43.5075,43.565,36132816.0
1551128400000,43.5575,43.57,43.3775,43.41,1676088.0
1551171600000,43.4,43.425,43.305,43.4,56324.0
1551186000000,43.4125,43.825,43.2933,43.5575,33343836.0
1551344400000,43.5625,43.6525,43.43,43.6525,80904.0
1551358800000,43.6125,43.7275,43.35,43.5425,36175736.0
1551373200000,43.545,43.5925,43.23,43.3,41949552.0
1551387600000,43.2875,43.3675,43.27,43.36,16455140.0
1551430800000,43.5125,43.6475,43.5125,43.6,102268.0
1551445200000,43.6075,43.6375,43.2225,43.3348,37634196.0
1551459600000,43.335,43.7875,43.325,43.7425,47450436.0
1551474000000,43.7425,43.78,43.7125,43.78,4636404.0
1551690000000,43.8875,43.9875,43.8775,43.955,157796.0
1551704400000,43.9697,44.4375,43.6908,43.8,53999136.0
1551718800000,43.7988,43.9925,43.4925,43.965,44334392.0
1551733200000,43.9675,44.01,43.85,43.8875,5107804.0
1551776400000,44.04,44.075,43.85,43.875,68236.0
1551790800000,43.9375,44.0325,43.635,43.8775,35334964.0
1551805200000,43.8775,43.9625,43.7725,43.8775,26893624.0
1551819600000,43.8825,43.9111,43.7525,43.775,5896236.0
1551862800000,43.8175,43.825,43.65,43.675,180912.0
1551877200000,43.6725,43.8725,43.485,43.73,36319224.0
1551891600000,43.73,43.8,43.59,43.6275,34103468.0
1551906000000,43.63,43.6625,43.53,43.5625,4258904.0
1551949200000,43.5,43.5875,43.44,43.5875,109804.0
1551963600000,43.515,43.675,43.005,43.4,40083352.0
1551978000000,43.3988,43.5575,43.075,43.1175,41853720.0
1551992400000,43.125,43.2,43.0775,43.0775,5310428.0
1552035600000,42.9725,42.9725,42.81,42.815,345192.0
1552050000000,42.84,43.125,42.375,42.92,42538172.0
1552064400000,42.9225,43.2675,42.8075,43.23,37589548.0
1552078800000,43.2275,43.3625,43.22,43.2525,3760440.0
1552280400000,43.3425,43.3425,43.325,43.325,1320.0
1552294800000,43.325,44.085,43.325,44.0,1209072.0
1552309200000,44.0125,44.745,43.8325,44.635,67863332.0
1552323600000,44.6375,44.875,44.6125,44.85,42487592.0
1552338000000,44.86,44.96,44.7975,44.96,240056.0
1552366800000,45.0,45.0,44.9075,44.9125,35916.0
1552381200000,44.955,45.02,44.7575,44.9825,785020.0
1552636800000,46.0625,46.3325,46.0625,46.225,308364.0
1552651200000,46.2496,46.6275,45.935,46.6025,73347160.0
1552665600000,46.6025,46.8325,46.4725,46.5525,58729064.0
1552680000000,46.53,46.6179,46.445,46.47,5599464.0
1552896000000,46.675,46.71,46.47,46.525,205448.0
1552910400000,46.525,47.0975,46.375,46.8925,50986244.0
1552924800000,46.8925,47.0625,46.5463,47.0075,40724032.0
1552939200000,47.005,47.1,46.989,47.1,2771656.0
1552982400000,47.0375,47.315,47.0375,47.23,278848.0
1552996800000,47.1625,47.3125,46.7075,47.005,56233296.0
1553011200000,47.0075,47.0975,46.48,46.635,53135764.0
1553025600000,46.6325,46.6875,46.4875,46.5,3732924.0
1553068800000,46.525,46.7375,46.5075,46.625,128584.0
1553083200000,46.575,46.8443,46.1825,46.5825,48328992.0
1553097600000,46.5825,47.3725,46.5825,47.0425,61062492.0
1553112000000,47.04,47.1225,46.955,47.1225,4218848.0
1553155200000,47.1,47.455,47.045,47.35,639384.0
1553169600000,47.3125,48.775,47.2125,48.7125,93985812.0
1553184000000,48.71,49.0825,48.51,48.7625,81829820.0
1553198400000,48.7525,48.995,48.7525,48.995,3207720.0
1553241600000,49.1,49.25,48.7725,48.855,367316.0
1553256000000,48.835,49.4225,48.2275,48.2375,89674644.0
1553270400000,48.235,48.415,47.695,47.765,66660304.0
1553284800000,47.7625,48.5457,47.7375,47.75,2980064.0
1553500800000,47.5925,47.675,47.415,47.5975,530580.0
1553515200000,47.6,48.25,46.8125,47.54,78543036.0
1553529600000,47.54,47.74,46.65,47.1925,87500884.0
1553544000000,47.185,47.3275,47.085,47.29,2264952.0
1553587200000,47.445,47.805,47.0,47.6925,830332.0
1553601600000,47.5625,48.22,47.54,47.7875,79959052.0
1554105600000,47.885,48.07,47.885,47.9375,208788.0
1554120000000,47.95,48.0,47.095,47.5525,53636080.0
1554134400000,47.5515,47.865,47.4625,47.81,39622644.0
1554148800000,47.81,47.85,47.7625,47.85,6668524.0
1554192000000,47.7025,47.79,47.64,47.7525,59208.0
1554206400000,47.7375,48.27,47.7,48.145,38619412.0
1554220800000,48.1475,48.615,48.1275,48.51,41588608.0
1554235200000,48.505,48.555,48.3775,48.3775,3590980.0
1554278400000,48.6775,48.7975,48.4125,48.42,406764.0
1554292800000,48.56,49.125,48.2225,49.0725,45449320.0
1554307200000,49.0731,49.1125,48.59,48.8375,35713468.0
1554321600000,48.8375,48.895,48.77,48.895,4342372.0
1554364800000,48.91,48.9475,48.8125,48.8125,137892.0
1554379200000,48.8775,49.0925,48.6425,48.94,35768720.0
1554393600000,48.9375,49.0225,48.285,48.93,32888228.0
1554408000000,48.9225,48.9375,48.8125,48.8875,778572.0
1554451200000,49.05,49.205,49.0,49.0175,120092.0
1554465600000,49.06,49.275,48.98,49.1225,34278196.0
1554480000000,49.125,49.2675,49.0918,49.2425,30160396.0
1554494400000,49.25,49.2625,49.21,49.225,2710516.0
1554710400000,49.0875,49.18,49.05,49.1275,77080.0
1554724800000,49.145,49.875,49.0325,49.7925,47173312.0
1554739200000,49.795,50.0575,49.6525,50.02,47898836.0
1554753600000,50.025,50.1625,50.025,50.145,4247676.0
1554796800000,50.025,50.3725,49.9825,50.3175,418264.0
1554811200000,50.12,50.7125,49.92,50.4875,68645696.0
1554825600000,50.4825,50.57,49.8075,49.875,65137312.0
1554840000000,49.875,49.92,49.775,49.775,1512548.0
1554883200000,49.4475,49.81,49.295,49.6925,1083568.0
1554897600000,49.55,49.9925,49.4,49.835,44426068.0
1554912000000,49.8375,50.185,49.785,50.165,36583492.0
1555315200000,49.695,49.7325,49.5725,49.575,68276.0
1555329600000,49.7294,49.9625,49.5025,49.6544,32278400.0
1555344000000,49.65,49.8325,49.625,49.8075,26413916.0
1555358400000,49.8075,49.8375,49.755,49.825,3825884.0
1555401600000,49.8975,50.025,49.8475,49.9875,119824.0
1555416000000,49.97,50.3425,49.7525,49.98,45017528.0
1555430400000,49.9775,50.1325,49.64,49.8125,52472532.0
1555444800000,49.8075,49.8875,49.66,49.6825,1219532.0
1555488000000,49.725,50.01,49.6725,49.8925,246096.0
1555502400000,49.86,50.5,49.6525,50.4709,52727188.0
1555516800000,50.4704,50.845,50.38,50.78,53850440.0
1555531200000,50.7825,50.8375,50.7375,50.775,1709384.0
1555574400000,50.4925,50.7875,50.48,50.75,222808.0
1555588800000,50.65,50.985,50.6025,50.8075,53888036.0
1555603200000,50.8075,51.0375,50.785,50.965,29478192.0
1555617600000,50.965,50.9825,50.935,50.9575,707424.0
1555920000000,50.9,50.9,50.7825,50.8,52444.0
1555934400000,50.875,51.235,50.585,51.15,30725796.0
1555948800000,51.15,51.1825,51.015,51.16,24788004.0
1555963200000,51.1325,51.215,51.09,51.1325,2947332.0
1556006400000,51.155,51.155,50.615,51.0925,403276.0
1556020800000,50.9175,51.69,50.88,51.6613,40599480.0
1556035200000,51.6611,51.9375,51.6425,51.8775,39283620.0
1556049600000,51.87,51.9075,51.815,51.89,1223428.0
1556092800000,51.905,52.04,51.8825,51.9725,239928.0
1556107200000,52.0275,52.12,51.7625,51.9475,34945860.0
1556121600000,51.945,51.995,51.7725,51.795,25302088.0
1556136000000,51.79,52.1125,51.7625,52.0,3361012.0
1556179200000,51.965,51.9925,51.805,51.9375,138572.0
1556193600000,51.95,51.9725,51.28,51.5625,34857468.0
1556208000000,51.5675,51.61,51.2825,51.31,29525796.0
1556222400000,51.2875,51.3625,51.0375,51.2925,1965340.0
1556265600000,51.2475,51.2475,51.0125,51.09,105036.0
1556524800000,51.095,51.2,50.9675,51.0625,128584.0
1556539200000,51.04,51.4925,50.965,51.2225,37229232.0
1556553600000,51.2225,51.31,51.11,51.1525,41607676.0
1556568000000,51.1525,51.155,50.75,50.78,5052728.0
1556611200000,50.7525,50.9475,50.6925,50.9125,282196.0
1556625600000,50.9125,50.9625,49.7775,50.1088,73152240.0
1556640000000,50.1125,50.375,50.0425,50.1425,71198292.0
1556654400000,50.1675,53.25,50.0025,52.6975,32636628.0
1556697600000,52.7,53.1875,52.7,52.875,1303900.0
1556712000000,53.0225,53.8275,52.3075,53.7114,132843236.0
1556726400000,53.72,53.775,52.6125,52.63,106482540.0
1556740800000,52.65,52.7,52.47,52.6625,3431220.0
1556784000000,52.6625,52.75,52.515,52.655,454268.0
1556798400000,52.6275,53.1625,52.0325,52.1575,69152080.0
1556812800000,52.1625,52.5725,52.1025,52.2925,47696132.0
1556827200000,52.2875,52.33,52.24,52.275,1269360.0
1556870400000,52.495,52.615,52.4475,52.6125,254340.0
1556884800000,52.61,52.865,52.4675,52.748,39946132.0
1556899200000,52.7493,52.96,52.7075,52.945,32546564.0
1556913600000,52.9375,53.0,52.8975,52.9875,2505012.0
1557129600000,51.425,51.5425,50.95,51.425,1659320.0
1557144000000,51.375,52.1775,50.875,51.925,73696256.0
1557158400000,51.9275,52.21,51.6325,52.15,44122548.0
1557172800000,52.12,52.145,51.5875,51.8375,2775684.0
1557216000000,51.9675,51.9925,51.635,51.6625,284608.0
1557230400000,51.7032,51.8544,50.9211,50.975,59799784.0
1557244800000,50.975,51.24,50.2063,50.715,80606180.0
1557820800000,46.565,47.075,46.565,46.8125,805760.0
1557835200000,46.8375,47.225,46.3525,47.1575,70920712.0
1557849600000,47.1525,47.425,46.9825,47.1625,57264996.0
1557864000000,47.165,47.25,46.9703,47.2375,1730580.0
1557907200000,47.175,47.375,46.93,46.95,289152.0
1557921600000,47.05,47.62,46.505,47.57,52256500.0
1557936000000,47.5725,47.9375,47.48,47.73,44103620.0
1557950400000,47.73,47.825,46.8767,47.685,2168488.0
1557993600000,47.5,47.96,47.5,47.875,432504.0
1558008000000,47.8625,48.025,47.21,47.9925,55794512.0
1558022400000,48.0025,48.1172,47.2975,47.535,60334836.0
1558036800000,47.52,47.5425,47.4325,47.4875,2152804.0
1558080000000,47.375,47.375,46.8,46.86,520600.0
1558094400000,47.086,47.725,46.595,47.3138,56990344.0
1558108800000,47.3125,47.555,47.0,47.245,59618656.0
1558123200000,47.25,47.3375,46.9202,47.25,1665656.0
1558339200000,47.325,47.45,45.9625,46.0825,1656140.0
1558353600000,46.0975,46.2,45.071,45.7169,82488700.0
1558368000000,45.7125,45.855,45.0925,45.7725,53509068.0
1558382400000,45.7725,45.89,45.7375,45.8875,5307768.0
1558425600000,46.05,46.465,45.94,46.2,441776.0
1558440000000,46.2126,46.9625,46.0849,46.7325,53754476.0
1558454400000,46.735,47.0,46.5875,46.6475,43142024.0
1558468800000,46.65,46.7744,46.53,46.7375,5845984.0
1558512000000,46.445,46.445,46.0725,46.1,416792.0
1558526400000,46.1225,46.4275,45.6375,45.9736,57100184.0
1558540800000,45.9738,46.285,45.6625,45.6975,51231516.0
1558555200000,45.695,45.695,45.545,45.6125,1775644.0
1558598400000,44.875,45.035,44.5875,44.8625,802132.0
1559116800000,44.125,44.3375,43.875,44.075,404792.0
1559131200000,44.1125,44.8375,43.9078,44.2225,56814796.0
1559145600000,44.22,44.63,44.165,44.3375,49536532.0
1559160000000,44.345,44.425,44.3,44.3875,1491316.0
1559203200000,44.465,44.575,44.4025,44.42,131216.0
1559217600000,44.495,44.8075,44.37,44.4425,38030360.0
1559232000000,44.4425,44.6175,44.1675,44.5625,40700236.0
1559246400000,44.575,44.595,44.1,44.2,1153784.0
1559289600000,43.8,43.965,43.6,43.875,391572.0
1559304000000,43.805,44.4975,43.7625,44.275,41819572.0
1559318400000,44.2725,44.39,43.7475,43.75,51034344.0
1559332800000,43.7675,43.825,43.6925,43.705,3723200.0
1559548800000,43.425,43.8875,43.35,43.775,339252.0
1559563200000,43.8875,44.48,43.61,44.1617,48132172.0
1559577600000,44.16,44.2888,42.5675,43.32,100448680.0
1559592000000,43.325,43.54,43.25,43.525,2946896.0
1559635200000,43.575,43.8,43.45,43.675,483992.0
1559649600000,43.6125,44.9375,43.45,44.6325,61494756.0
1559664000000,44.6325,44.9575,44.48,44.9175,49138312.0
1559678400000,44.91,45.375,44.8,45.375,3950816.0
1559721600000,45.4975,45.97,45.415,45.9575,784100.0
1559736000000,45.725,46.2475,45.285,45.735,69232420.0
1559750400000,45.725,45.775,45.395,45.6353,37705252.0
1559764800000,45.635,45.7228,45.305,45.46,2617200.0
1559808000000,45.7575,45.9,45.7575,45.88,152216.0
1559822400000,45.865,45.975,45.5372,45.825,34521272.0
1559836800000,45.825,46.3675,45.755,46.3075,40916740.0
1559851200000,46.305,46.3325,46.11,46.3325,1491216.0
1559894400000,46.4275,46.6575,46.4275,46.4675,153164.0
1559908800000,46.6117,47.98,46.305,47.6225,65666196.0
1560412800000,48.5875,48.8575,48.5875,48.7425,238448.0
1560427200000,48.79,49.1975,48.61,48.92,35634296.0
1560441600000,48.9175,48.9595,48.4,48.685,36325868.0
1560456000000,48.5375,48.6275,48.0025,48.1875,8830640.0
1560499200000,48.1625,48.1625,47.53,48.0775,542100.0
1560513600000,47.8125,48.185,47.575,48.0775,37504364.0
1560528000000,48.075,48.3966,48.02,48.185,26754556.0
1560542400000,48.185,48.235,48.1325,48.215,4263636.0
1560758400000,48.375,48.38,48.16,48.38,133160.0
1560772800000,48.3125,48.74,48.0425,48.5375,27113092.0
1560787200000,48.5325,48.6925,48.39,48.4875,24674328.0
1560801600000,48.4725,48.57,48.465,48.5225,999828.0
1560844800000,48.4725,48.975,48.4725,48.9125,318772.0
1560859200000,48.775,50.0725,48.7725,49.63,64526092.0
1560873600000,49.63,49.7725,49.475,49.625,31150156.0
1560888000000,49.6125,49.8625,49.5775,49.825,2755536.0
1560931200000,49.77,49.91,49.5625,49.8575,150340.0
1560945600000,49.725,49.925,49.4625,49.5475,26124600.0
1560960000000,49.545,49.97,49.3275,49.465,44969972.0
1560974400000,49.4675,49.65,49.4,49.59,1941156.0
1561017600000,50.0,50.2075,49.97,50.105,362052.0
1561032000000,50.1225,50.2475,49.605,49.785,37352132.0
1561046400000,49.7875,49.9975,49.5075,49.8449,35223808.0
1561060800000,49.865,49.915,49.7225,49.8225,4803868.0
1561104000000,49.6875,49.6875,49.465,49.515,240952.0
1561118400000,49.515,50.185,49.4375,49.9825,55682760.0
1561132800000,49.98,50.2125,49.6575,49.7,49729732.0
1561147200000,49.695,49.7375,49.45,49.525,17292456.0
1561363200000,49.825,49.825,49.575,49.6875,169732.0
1561377600000,49.75,50.04,49.5425,49.8725,29305816.0
1561392000000,49.875,49.8975,49.615,49.6375,28299264.0
1561406400000,49.645,49.6975,49.5975,49.67,2019708.0
1561449600000,49.5625,49.615,49.395,49.5375,70392.0
1561708800000,49.65,49.69,49.4375,49.6375,187876.0
1561723200000,49.525,49.8738,49.2625,49.66,33289860.0
1561737600000,49.66,49.85,49.28,49.48,47225984.0
1561752000000,49.48,49.625,49.385,49.4975,10856852.0
1561968000000,50.37,50.9375,50.37,50.8375,887640.0
1561982400000,50.7925,51.1225,50.525,50.5575,54921960.0
1561996800000,50.555,50.575,50.1625,50.42,43475480.0
1562011200000,50.3875,50.4,50.21,50.3125,3929712.0
1562054400000,50.3075,50.3075,50.125,50.25,106676.0
1562068800000,50.25,50.7831,50.2,50.5775,32002700.0
1562083200000,50.5784,50.695,50.4225,50.6775,32014584.0
1562097600000,50.6825,50.9925,50.63,50.7375,692456.0
1562140800000,50.7625,50.935,50.7625,50.87,88088.0
1562155200000,50.8925,50.9675,50.6725,50.9265,24564072.0
1562169600000,50.9262,51.11,50.9175,51.1025,18743684.0
1562184000000,51.0825,51.1,51.0375,51.1,20556.0
1562313600000,51.1025,51.1375,50.895,51.025,61184.0
1562328000000,51.01,51.115,50.725,50.9725,28765124.0
1562342400000,50.975,51.27,50.93,51.0625,32812540.0
1562356800000,51.0575,51.1799,50.9625,51.0075,1894424.0
1562572800000,50.8,50.835,50.125,50.2775,369804.0
1562587200000,50.2508,50.375,49.6025,49.9818,56098820.0
1562601600000,49.98,50.0425,49.825,50.0025,34153148.0
1562616000000,50.005,50.125,49.925,50.08,4337296.0
1562659200000,49.4,50.1025,49.4,50.075,420468.0
1562673600000,49.7625,50.2075,49.7025,50.195,39776304.0
1562688000000,50.195,50.3775,50.155,50.305,32477616.0
1562702400000,50.31,50.3375,50.2025,50.2175,4140128.0
1562745600000,50.145,50.3275,50.0625,50.1525,103212.0
1562760000000,50.1925,50.9325,50.0925,50.825,35558940.0
1562774400000,50.83,50.895,50.6775,50.8025,28400672.0
1562788800000,50.8075,50.855,50.8,50.8275,2373872.0
1562832000000,50.9025,51.05,50.85,50.935,242344.0
1562846400000,50.9975,51.0975,50.7752,51.0325,32105100.0
1563177600000,50.8825,50.9625,50.8625,50.95,51716.0
1563192000000,50.9125,51.4675,50.9,51.2088,33650716.0
1563206400000,51.2125,51.305,51.03,51.3,25023128.0
1563220800000,51.3025,51.3025,51.275,51.2975,2576944.0
1563264000000,51.25,51.38,51.2475,51.35,135444.0
1563278400000,51.38,51.5275,51.0025,51.2175,25603148.0
1563292800000,51.2165,51.2325,50.875,51.1225,33208836.0
1563307200000,51.125,51.15,51.0125,51.0475,1778776.0
1563350400000,51.1375,51.2325,51.1025,51.1625,89176.0
1563364800000,51.1875,51.24,50.915,51.21,24357572.0
1563379200000,51.2175,51.2729,50.8175,50.82,22763108.0
1563393600000,50.8375,50.8725,50.7,50.75,4076596.0
1563436800000,51.125,51.1725,50.875,50.975,316492.0
1563451200000,51.02,51.445,50.925,51.0075,32388032.0
1563465600000,51.0112,51.47,50.9775,51.415,30177268.0
1563480000000,51.415,51.55,51.2588,51.4925,2091916.0
1563523200000,51.5875,51.675,51.3,51.4,207108.0
1563537600000,51.4275,51.645,51.0674,51.1425,34092800.0
1563552000000,51.14,51.2875,50.59,50.6425,39623604.0
1563566400000,50.6475,50.6475,50.5625,50.6,4065600.0
1563782400000,50.7725,51.1,50.7725,50.87,278608.0
1563796800000,51.045,51.595,50.8,51.565,41118108.0
1563811200000,51.565,51.8075,51.4675,51.805,36264120.0
1563825600000,51.805,52.0,51.765,52.0,2880808.0
1563868800000,52.0,52.0625,51.875,52.015,259236.0
1563883200000,52.0,52.1975,51.6775,51.9025,34140432.0
1563897600000,51.9067,52.2275,51.8425,52.2063,31361732.0
1563912000000,52.21,52.2925,51.69,51.9825,4015652.0
1563955200000,51.95,52.035,51.7475,51.9625,141052.0
1563969600000,51.8926,52.2875,51.845,51.9525,26505616.0
1563984000000,51.95,52.1875,51.7925,52.1675,26729448.0
1563998400000,52.1675,52.28,52.07,52.2475,1111040.0
1564041600000,52.15,52.25,52.03,52.24,112076.0
1564387200000,51.9625,52.095,51.8475,52.08,63336.0
1564401600000,51.925,52.66,51.8811,52.645,41826060.0
1564416000000,52.645,52.65,52.4175,52.4175,35538784.0
1564430400000,52.42,52.4775,52.375,52.42,2919280.0
1564473600000,52.35,52.4,51.97,51.9975,434408.0
1564488000000,51.985,52.3975,51.8275,51.9763,41331316.0
1564502400000,51.975,52.54,51.9375,52.221,58359716.0
1564516800000,52.195,54.625,51.3725,54.5325,31229040.0
1564560000000,54.5325,54.575,54.275,54.455,1425264.0
1564574400000,54.4325,55.3425,54.075,54.4686,146691648.0
1564588800000,54.4675,54.485,52.825,53.195,112563232.0
1564603200000,53.26,54.2963,53.0775,53.225,4388772.0
1564646400000,53.5,53.7075,53.445,53.6375,350336.0
1564660800000,53.6425,54.5075,53.1275,54.3772,68205836.0
1564675200000,54.3775,54.3893,51.6859,52.1149,139106432.0
1564689600000,52.1075,53.4458,51.6875,51.71,2286136.0
1564732800000,51.55,51.66,51.3725,51.53,396472.0
1564747200000,51.5275,52.1075,50.4075,50.7975,82426916.0
1564761600000,50.795,51.1875,50.6775,51.0225,63694040.0
1564776000000,51.005,51.125,50.94,51.125,2133960.0
1564992000000,49.75,50.0,49.465,49.6125,813168.0
1565006400000,49.725,49.86,48.575,48.78,86146028.0
1565020800000,48.7813,48.81,48.145,48.305,97460520.0
1565035200000,48.3075,48.335,46.7625,46.825,7126400.0
1565078400000,48.175,49.075,48.085,49.075,1815232.0
1565092800000,48.465,49.5168,48.4275,48.8342,76928976.0
1565596800000,50.6225,50.6225,49.725,49.8,295388.0
1565611200000,49.9625,50.49,49.6975,50.38,41476812.0
1565625600000,50.3815,50.5129,49.7875,50.125,38568796.0
1565640000000,50.12,50.1884,50.0375,50.15,1776548.0
1565683200000,50.015,50.25,49.74,50.18,340160.0
1565697600000,50.1175,53.035,49.9825,52.195,116940928.0
1565712000000,52.1987,52.5,52.0075,52.245,59126000.0
1565726400000,52.2425,52.4425,50.12,52.375,4930728.0
1565769600000,52.2375,52.2375,51.25,51.3325,650816.0
1565784000000,51.7027,52.1125,50.675,50.8867,66079948.0
1565798400000,50.885,51.115,50.6467,50.6875,61289500.0
1565812800000,50.6875,50.9811,50.3875,50.6,6106708.0
1565856000000,50.9175,51.05,49.7825,50.875,1023628.0
1565870400000,50.0203,51.285,49.9625,50.54,53475400.0
1565884800000,50.545,50.8675,49.9175,50.435,46445408.0
1565899200000,50.435,50.67,50.4125,50.6275,5077956.0
1565942400000,50.825,51.1825,50.825,51.0725,203044.0
1565956800000,51.125,51.79,50.8325,51.5154,57901328.0
1565971200000,51.5175,51.785,51.3725,51.61,42371592.0
1565985600000,51.625,51.7125,50.435,51.6125,4651428.0
1566201600000,52.15,52.635,52.15,52.6,437160.0
1566216000000,52.48,53.1827,52.4425,52.935,51004888.0
1566230400000,52.935,53.03,52.5325,52.585,36372960.0
1566244800000,52.5875,52.6225,52.3775,52.525,3640760.0
1566288000000,52.65,52.785,52.5,52.7375,193764.0
1566302400000,52.6,53.3375,52.5375,53.06,43676604.0
1566316800000,53.0611,53.27,52.58,52.5875,42325036.0
1566331200000,52.59,52.69,52.505,52.6725,15547328.0
1566374400000,52.775,53.2,52.775,53.0525,294780.0
1566388800000,53.06,53.4125,53.0,53.335,37290860.0
1566892800000,51.47,51.8375,51.4275,51.775,139088.0
1566907200000,51.7325,52.1375,51.0584,51.1975,37212728.0
1566921600000,51.195,51.5,50.8825,51.035,41583612.0
1566936000000,51.0575,51.2625,50.995,51.24,5842520.0
1566979200000,51.1625,51.27,50.82,50.9,198280.0
1566993600000,50.925,51.4225,50.7275,51.33,31668028.0
1567008000000,51.3275,51.43,51.0875,51.38,25092388.0
1567022400000,51.3825,51.425,51.275,51.3125,630968.0
1567065600000,51.85,52.2625,51.85,52.145,377144.0
1567080000000,52.2025,52.3075,51.6638,52.01,36376716.0
1567094400000,52.01,52.33,51.9725,52.275,38921704.0
1567108800000,52.2525,52.2775,52.1235,52.2,1710228.0
1567152000000,52.4175,52.755,52.4,52.6375,308980.0
1567166400000,52.595,52.6573,51.8,51.9875,33395792.0
1567180800000,51.9907,52.1875,51.8025,52.185,34958776.0
1567195200000,52.185,52.2,51.945,52.0375,6341804.0
1567497600000,51.425,51.8475,51.365,51.5775,247892.0
1567512000000,51.625,51.77,51.055,51.3225,41273152.0
1567526400000,51.315,51.5275,51.115,51.4238,31275164.0
1567540800000,51.425,51.55,51.4075,51.495,1563700.0
1567584000000,52.225,52.3,52.005,52.1225,215848.0
1567598400000,52.1,52.1825,51.83,52.065,29934128.0
1567612800000,52.0625,52.37,51.925,52.3125,37212928.0
1567627200000,52.2975,52.315,52.1475,52.2525,1231560.0
1567670400000,52.65,53.0375,52.65,52.765,400884.0
1567684800000,52.895,53.4925,52.79,53.1075,46379980.0
1567699200000,53.105,53.3975,52.8775,53.3175,37100036.0
1567713600000,53.32,53.4,53.245,53.4,4502328.0
1567756800000,53.3025,53.5175,53.2275,53.47,255836.0
1567771200000,53.3502,53.605,53.1275,53.1725,36064016.0
1567785600000,53.1725,53.4975,53.1325,53.3175,34335088.0
1567800000000,53.315,53.4375,53.2775,53.425,1464972.0
1568188800000,54.2975,54.415,54.1325,54.35,503884.0
1568203200000,54.35,55.625,54.175,55.553,93014576.0
1568217600000,55.5525,55.91,55.43,55.8968,71306756.0
1568232000000,55.8975,56.42,55.3578,56.4075,4096764.0
1568275200000,56.3275,56.3275,55.95,56.1875,775936.0
1568289600000,56.12,56.605,55.755,56.4475,69819288.0
1568304000000,56.445,56.4725,55.715,55.7725,42604688.0
1568318400000,55.7713,56.1516,55.625,55.85,6299044.0
1568361600000,55.925,55.94,55.175,55.4625,829716.0
1568376000000,55.4775,55.6225,54.55,54.5525,69754220.0
1568390400000,54.55,54.9525,54.255,54.7,78803912.0
1568404800000,54.6875,54.715,54.6025,54.6125,2827344.0
1568620800000,54.3725,54.45,54.075,54.4475,501236.0
1568635200000,54.2006,55.0325,54.15,54.7625,44451296.0
1568649600000,54.76,55.025,54.7275,54.975,31579972.0
1568664000000,54.975,55.095,54.975,55.0725,2246524.0
1568707200000,54.975,55.0425,54.8,55.0125,81660.0
1568721600000,54.8496,55.1475,54.78,55.0525,32348620.0
1568736000000,55.0575,55.205,54.89,55.1625,31915556.0
1568750400000,55.175,55.2475,55.125,55.2475,3740916.0
1568793600000,55.25,55.25,55.0125,55.125,178648.0
1568808000000,55.175,55.63,55.1125,55.4675,34969032.0
1568822400000,55.465,55.7125,54.86,55.6925,56823356.0
1568836800000,55.6925,55.75,55.4022,55.59,4278712.0
1568880000000,55.54,55.6075,55.435,55.6,216368.0
1568894400000,55.45,55.94,55.445,55.54,39908072.0
1568908800000,55.5425,55.575,55.0925,55.2375,40727492.0
1568923200000,55.24,55.32,55.21,55.2975,3022340.0
1568966400000,55.3225,55.445,55.2875,55.4375,225952.0
1568980800000,55.3275,55.64,55.215,55.28,60051084.0
1569484800000,55.25,55.375,55.125,55.23,131268.0
1569499200000,55.1775,55.2325,54.7075,54.99,35966848.0
1569513600000,54.9925,55.235,54.87,54.9725,29760816.0
1569528000000,54.9725,54.9725,54.865,54.925,2342556.0
1569571200000,54.975,55.16,54.975,55.145,65644.0
1569585600000,55.15,55.24,54.445,54.9325,36556472.0
1569600000000,54.9325,54.9925,54.3204,54.7125,55863508.0
1569614400000,54.705,54.815,54.6425,54.6875,2552268.0
1569830400000,55.0,55.25,54.97,55.1,268148.0
1569844800000,55.1325,55.8575,54.96,55.7925,45189488.0
1569859200000,55.8,56.145,55.7975,55.995,46739548.0
1569873600000,55.9925,56.16,55.9925,56.1325,4946608.0
1569916800000,56.175,56.355,56.1725,56.3325,453056.0
1569931200000,56.3,57.055,55.855,56.5675,74914940.0
1569945600000,56.565,56.57,56.05,56.145,56156460.0
1569960000000,56.1475,56.325,56.1,56.2925,7304636.0
1570003200000,55.9375,55.9375,55.625,55.7875,533780.0
1570017600000,55.715,55.895,54.7175,54.8025,65938284.0
1570032000000,54.8,54.9875,54.4825,54.74,61606856.0
1570046400000,54.74,54.9561,54.5125,54.625,6612508.0
1570089600000,54.825,54.95,54.525,54.5525,222136.0
1570104000000,54.7,54.9199,53.783,54.7075,63878032.0
1570118400000,54.7063,55.24,54.7063,55.2025,41789180.0
1570132800000,55.205,55.2875,55.075,55.125,10312228.0
1570176000000,55.675,56.1175,55.675,56.085,1129576.0
1570190400000,56.08,56.59,55.85,56.51,64922644.0
1570204800000,56.5075,56.8725,56.365,56.7525,62824136.0
1570219200000,56.7525,56.865,56.6675,56.7375,3115148.0
1570435200000,56.62,56.785,56.425,56.66,282716.0
1570449600000,56.7625,57.355,56.46,57.3525,53038180.0
1570780800000,57.8525,58.375,57.8525,58.2375,604272.0
1570795200000,58.175,58.8,57.38,58.62,65175128.0
1570809600000,58.6236,59.41,58.27,59.055,90896140.0
1570824000000,59.0525,59.3125,58.955,59.3125,2430052.0
1571040000000,59.1625,59.1625,58.45,59.055,465152.0
1571054400000,58.9545,59.5336,58.6675,59.25,50304324.0
1571068800000,59.247,59.2622,58.915,58.9725,39431612.0
1571083200000,58.9675,59.1373,58.85,59.1125,1850808.0
1571126400000,59.3125,59.3525,59.05,59.18,281184.0
1571140800000,59.2575,59.4125,58.72,58.9238,42282196.0
1571155200000,58.9275,59.055,58.755,58.83,33449904.0
1571169600000,58.83,59.5741,58.735,58.75,10957972.0
1571212800000,58.75,58.75,58.565,58.66,160316.0
1571227200000,58.625,58.81,58.3,58.59,37531740.0
1571241600000,58.5925,58.645,58.3988,58.5975,28223728.0
1571256000000,58.5925,58.7,58.5625,58.5875,3283360.0
1571299200000,58.6925,58.9975,58.6225,58.9775,340628.0
1571313600000,58.9,59.0375,58.3881,58.48,34577400.0
1571328000000,58.48,58.875,58.38,58.8225,28020688.0
1571342400000,58.82,58.8725,58.7875,58.8025,2371152.0
1571385600000,58.84,58.8625,58.7275,58.855,62604.0
1571400000000,58.865,59.0705,58.59,58.7838,40893656.0
1571414400000,58.785,59.395,58.5725,59.07,46060156.0
1571428800000,59.1025,59.1175,59.0525,59.0525,2272428.0
1571644800000,59.31,59.4375,59.2875,59.4375,284208.0
1571659200000,59.35,60.22,59.2778,60.1825,47768808.0
1571673600000,60.1825,60.2475,60.015,60.1325,30071768.0
1571688000000,60.1275,60.175,60.0073,60.1725,2004588.0
1571731200000,60.1275,60.3375,60.095,60.3,232860.0
1571745600000,60.2125,60.4875,60.075,60.2975,36812760.0
1571760000000,60.2985,60.55,59.9055,59.9925,40551776.0
1572249600000,61.825,61.9825,61.785,61.85,277960.0
1572264000000,61.9125,62.1825,61.4925,62.1388,49499768.0
1572278400000,62.1425,62.3125,62.0575,62.26,37708388.0
1572292800000,62.2625,62.3375,62.0083,62.2875,3034360.0
1572336000000,62.2625,62.3,62.125,62.2075,168896.0
1572350400000,62.2032,62.4375,60.7075,60.7952,70085812.0
1572364800000,60.8,61.1825,60.6425,60.8225,60079000.0
1572379200000,60.8225,61.0,60.5,60.9575,6055144.0
1572422400000,60.9575,61.25,60.7525,61.2125,310072.0
1572436800000,61.0,61.3975,60.3025,60.5125,46255768.0
1572451200000,60.5125,60.9375,60.325,60.8225,55107800.0
1572465600000,60.815,63.125,60.815,62.0475,18554896.0
1572508800000,62.3225,62.45,61.6525,61.855,987036.0
1572523200000,62.0975,62.2925,59.315,62.0523,68431936.0
1572537600000,62.055,62.235,61.6625,62.21,51463300.0
1572552000000,62.19,62.25,61.9548,62.14,8672680.0
1572595200000,62.3575,62.4,62.15,62.15,206356.0
1572609600000,62.33,63.4475,62.15,63.3099,72254512.0
1572624000000,63.3125,63.9825,63.1075,63.96,65975856.0
1572638400000,63.955,64.05,63.29,64.025,2748752.0
1572854400000,64.1375,64.4475,64.1375,64.325,157956.0
1572868800000,64.3625,64.5,63.845,64.2388,45231736.0
1572883200000,64.2388,64.3425,63.855,64.3425,33909492.0
1572897600000,64.3388,64.575,64.2275,64.53,16985012.0
1572912000000,64.53,64.55,64.475,64.4975,149856.0
1572940800000,64.55,64.605,64.4675,64.4675,30956.0
1572955200000,64.4625,64.5475,64.08,64.3775,29408884.0
1572969600000,64.38,64.5475,64.2675,64.48,29727836.0
1572984000000,64.4813,64.5129,64.1825,64.215,13019268.0
1572998400000,64.21,64.225,64.15,64.155,70844.0
1573027200000,64.2375,64.275,64.0025,64.135,83540.0
1573462800000,64.775,64.775,64.545,64.625,194564.0
1573477200000,64.6125,65.18,64.5675,65.1219,38957400.0
1573491600000,65.1275,65.6175,65.095,65.55,35776600.0
1573506000000,65.55,65.6125,65.5175,65.6,3984728.0
1573549200000,65.55,65.6925,65.52,65.61,182488.0
1573563600000,65.5925,65.67,65.23,65.47,41763180.0
1573578000000,65.4725,65.6975,65.285,65.495,36437068.0
1573592400000,65.49,65.5375,65.3775,65.425,4306336.0
1573635600000,65.3675,65.3775,65.0,65.3,456104.0
1573650000000,65.49,66.0425,65.1375,66.0225,44227584.0
1573664400000,66.02,66.195,65.645,66.1175,51065848.0
1573678800000,66.1175,66.2,66.0725,66.15,1849244.0
1573722000000,66.0625,66.15,65.6875,65.7125,635248.0
1573736400000,66.0875,66.22,65.5575,65.7243,48754852.0
1573750800000,65.7225,65.915,65.525,65.6725,32448016.0
1573765200000,65.66,65.8332,65.3175,65.66,4257912.0
1573808400000,65.86,65.97,65.7675,65.9225,439288.0
1573822800000,65.9341,66.1975,65.7525,66.0525,45592216.0
1573837200000,66.0537,66.445,66.0186,66.4375,43571164.0
1573851600000,66.44,66.525,66.3775,66.525,2753632.0
1574067600000,66.525,66.8,66.525,66.79,342100.0
1574082000000,66.6725,66.81,66.0575,66.4975,36149012.0
1574096400000,66.4925,66.8575,66.3125,66.78,36199252.0
1574110800000,66.775,66.945,66.685,66.75,4232672.0
1574154000000,67.0,67.14,66.95,67.0175,343348.0
1574168400000,67.05,67.1113,66.3482,66.5975,34385652.0
1574182800000,66.5975,66.7938,66.4175,66.5725,24080228.0
1574197200000,66.5725,66.5875,66.3625,66.4425,6592680.0
1574240400000,66.2475,66.3375,66.05,66.2225,323548.0
1574254800000,66.255,66.5208,65.8525,65.89,30583876.0
1574672400000,65.6675,65.7975,65.6575,65.6875,99488.0
1574686800000,65.6625,66.41,65.4,66.2725,28502368.0
1574701200000,66.2736,66.61,66.145,66.605,31795684.0
1574715600000,66.5925,66.6775,66.525,66.6775,4305420.0
1574758800000,66.5125,66.73,66.5,66.6875,207164.0
1574773200000,66.6875,66.79,66.3084,66.6038,28720260.0
1574787600000,66.6029,66.6975,65.625,66.025,30261268.0
1574802000000,66.075,66.3,66.0725,66.19,16235372.0
1574845200000,66.375,66.4625,66.25,66.325,160584.0
1574859600000,66.3,66.65,66.25,66.6073,26164828.0
1574874000000,66.605,66.995,66.58,66.975,31424796.0
1574888400000,66.96,66.9925,66.6375,66.675,2783228.0
1575018000000,66.675,66.8625,66.675,66.765,110536.0
1575032400000,66.78,67.0,66.475,66.9275,25187652.0
1575046800000,66.9275,66.97,66.7375,66.8125,15810428.0
1575061200000,66.8725,66.9,66.85,66.85,6648.0
1575277200000,67.0625,67.31,66.9675,67.0175,481572.0
1575291600000,67.0175,67.0625,65.8625,66.1691,48877288.0
1575306000000,66.17,66.4374,65.9375,66.0225,31989672.0
1575320400000,66.04,66.1125,65.75,65.89,3439420.0
1575363600000,66.2475,66.25,65.165,65.1825,695916.0
1575378000000,65.525,65.6375,64.0725,64.395,62842116.0
1575392400000,64.3931,64.8825,64.29,64.88,40678344.0
1575406800000,64.8625,64.98,64.6925,64.7725,4330012.0
1575450000000,64.855,65.545,64.855,65.4125,512976.0
1575464400000,65.3875,65.8275,65.17,65.7148,32299456.0
1575478800000,65.7175,65.745,65.435,65.435,25782328.0
1575493200000,65.435,65.445,64.8625,65.375,3142292.0
1575536400000,65.5525,65.995,65.5075,65.8875,400020.0
1575550800000,65.975,66.1875,65.435,66.0945,31009204.0
1575565200000,66.09,66.4725,65.94,66.395,30425976.0
1575968400000,66.4375,66.4375,66.02,66.16,365156.0
1575982800000,66.1633,67.5175,66.0925,67.2765,49198552.0
1575997200000,67.2775,67.4375,66.9325,67.155,34271556.0
1576011600000,67.12,67.215,67.04,67.125,1437456.0
1576054800000,67.13,67.4075,67.1025,67.3425,188308.0
1576069200000,67.343,67.7675,67.125,67.515,36728948.0
1576083600000,67.5151,67.775,67.4025,67.685,30271764.0
1576098000000,67.6925,67.7625,67.6625,67.7625,2357016.0
1576141200000,67.8525,67.8725,67.0625,67.105,757948.0
1576155600000,67.1625,68.14,66.75,67.0875,70216760.0
1576170000000,67.075,67.925,66.855,67.865,54462844.0
1576184400000,67.865,68.25,67.7875,68.24,5020036.0
1576227600000,68.285,68.4575,67.675,67.875,487420.0
1576242000000,67.9475,68.7,67.7,68.565,72606388.0
1576256400000,68.565,68.825,68.4325,68.815,49458932.0
1576270800000,68.7875,68.825,68.75,68.825,2588036.0
1576486800000,68.94,69.2375,68.94,69.235,338992.0
1576501200000,69.1125,70.1175,69.085,70.0901,59787404.0
1576515600000,70.09,70.1975,69.9,69.965,47341260.0
1576530000000,69.965,70.095,69.9425,70.0625,5600064.0
1576573200000,70.075,70.1475,69.6,69.775,538716.0
1576587600000,69.6875,70.4425,69.65,70.14,61139228.0
1576602000000,70.1431,70.3125,70.0375,70.105,33465052.0
1576616400000,70.1025,70.1325,70.0075,70.09,4958864.0
1576659600000,70.0775,70.19,69.9375,70.0625,140796.0
1576674000000,70.025,70.12,69.78,70.015,41080308.0
1576688400000,70.0175,70.475,69.8775,69.9275,49816256.0
1576702800000,69.935,70.0875,69.9,70.0,5975904.0
1576746000000,69.9,69.9175,69.7375,69.7875,264716.0
1577350800000,71.2225,71.2225,71.1525,71.1825,31256.0
1577365200000,71.1879,72.1825,71.14,72.1541,40547240.0
1577379600000,72.155,72.495,71.9875,72.4775,42233512.0
1577394000000,72.4775,72.72,72.46,72.705,4816632.0
1577437200000,72.7,72.995,72.6525,72.925,701504.0
1577451600000,72.925,73.4925,72.4775,72.6725,71294840.0
1577466000000,72.6703,72.735,72.03,72.4575,60636956.0
1577480400000,72.45,72.5,72.3875,72.5,3858216.0
1577696400000,72.5375,72.5375,72.275,72.43,149272.0
1577710800000,72.4,72.715,71.305,72.6165,69122256.0
1577725200000,72.6125,73.1725,72.5623,72.9118,65738480.0
1577739600000,72.88,72.9375,72.7725,72.925,1572900.0
1577782800000,72.85,72.85,72.625,72.675,147752.0
1577797200000,72.8,73.22,72.38,73.01,42052084.0
1577811600000,73.0125,73.42,72.9325,73.3425,43314860.0
1577826000000,73.3975,73.4725,73.275,73.42,5787404.0
1577955600000,73.7625,74.045,73.7625,74.025,763488.0
1577970000000,73.9725,74.6875,73.7975,74.6025,65510036.0
1577984400000,74.6025,75.15,74.5125,75.145,56581660.0
1577998800000,75.0875,75.2975,75.08,75.2975,3150480.0
1578042000000,74.3375,74.55,73.595,74.5125,1835660.0
1578056400000,74.5025,75.1425,73.9125,74.8375,71723492.0
1578070800000,74.8375,75.145,74.3375,74.345,56674708.0
1578085200000,74.3575,74.47,74.3275,74.33,9138748.0
1578301200000,73.8575,73.8775,73.475,73.6875,1042276.0
1578315600000,73.7625,74.91,73.1875,74.6145,62263756.0
1578330000000,74.61,74.99,74.285,74.945,47463924.0
1578344400000,74.95,74.9675,74.75,74.905,2130340.0
1578560400000,76.2975,76.6725,76.255,76.575,1116192.0
1578574800000,76.5,77.6075,76.385,77.4813,79560748.0
1578589200000,77.485,77.5075,76.55,77.4275,77082444.0
1578603600000,77.4075,77.6,77.355,77.6,5311456.0
1578646800000,77.805,78.0875,77.78,78.0475,871540.0
1578661200000,78.045,78.1675,77.425,77.7675,68409628.0
1578675600000,77.7775,77.7775,77.0625,77.5925,64253488.0
1578690000000,77.5825,77.7125,77.5525,77.6675,2098068.0
1578906000000,77.8825,78.125,77.8425,77.8875,558968.0
1578920400000,77.9875,78.345,77.7875,78.1975,55181356.0
1578934800000,78.195,79.2675,78.1125,79.2425,56669876.0
1578949200000,79.24,79.7,79.2375,79.695,4017308.0
1578992400000,79.125,79.4425,78.9125,79.3125,1078500.0
1579006800000,79.255,79.4425,78.3377,79.135,74005360.0
1579021200000,79.1325,79.17,78.0425,78.1725,75138792.0
1579035600000,78.17,78.9463,77.6975,77.9375,5316264.0
1579078800000,77.9725,78.325,77.72,78.2775,480612.0
1579093200000,78.285,78.875,77.865,78.4875,52105620.0
1579107600000,78.4775,78.65,77.3875,77.875,60389192.0
1579122000000,77.835,78.0725,77.7875,78.05,2315300.0
1579165200000,78.2625,78.6225,78.2625,78.4025,653912.0
1579179600000,78.45,78.925,78.0225,78.3275,55226284.0
1579194000000,78.3233,78.8425,78.1125,78.8325,37041664.0
1579208400000,78.81,78.8725,78.7275,78.8225,8316196.0
1579251600000,79.01,79.3375,79.0025,79.155,534696.0
1579266000000,79.275,79.3125,78.75,79.09,57687116.0
1579856400000,80.0825,80.165,79.925,79.955,409384.0
1579870800000,79.945,80.8325,79.93,80.4925,56729068.0
1579885200000,80.4875,80.4963,79.3797,79.5825,76535744.0
1579899600000,79.5625,80.135,79.3775,79.395,1726788.0
1580115600000,78.475,78.475,77.1475,77.8125,1747072.0
1580130000000,77.8,78.1,76.4725,77.345,87533196.0
1580144400000,77.3425,77.9,76.22,77.24,56325988.0
1580158800000,77.2375,77.53,77.1375,77.3125,5827320.0
1580202000000,77.8375,78.225,77.515,78.0675,840452.0
1580216400000,77.975,79.1925,77.8,79.1331,61284700.0
1580230800000,79.14,79.6,79.0025,79.44,61728680.0
1580245200000,79.4225,81.975,79.365,80.625,32018560.0
1580288400000,81.0625,81.2675,80.6475,80.775,1436028.0
1580302800000,80.975,81.95,80.345,81.7875,125924596.0
1580317200000,81.7917,81.9625,80.425,81.08,76924796.0
1580331600000,81.085,81.215,80.7775,81.0375,3716860.0
1580374800000,80.25,80.6025,80.025,80.045,969428.0
1580389200000,80.2625,81.0225,79.6875,80.4835,63436188.0
1580403600000,80.4837,80.9925,79.8275,80.9691,54154396.0
1580418000000,80.9675,81.19,80.415,80.9,3420384.0
1580461200000,80.7025,80.75,80.3,80.55,592304.0
1580475600000,80.5801,80.6875,78.62,79.192,81866744.0
1580490000000,79.19,79.2275,77.0725,77.3325,102524984.0
1580504400000,77.3775,77.425,77.0,77.0375,3823848.0
1581325200000,79.485,79.6575,79.05,79.2,811428.0
1581339600000,79.2,80.2075,78.4625,79.725,57617692.0
1581354000000,79.7267,80.385,79.5375,80.385,37535908.0
1581368400000,80.3875,80.4475,80.125,80.225,4314796.0
1581411600000,80.5025,80.6875,80.39,80.62,433928.0
1581426000000,80.535,80.975,80.2525,80.49,42696036.0
1581440400000,80.4925,80.7525,79.6775,79.9025,42891900.0
1581454800000,79.9025,80.5813,79.775,79.8375,2813160.0
1581498000000,80.305,80.325,80.155,80.2925,297320.0
1581512400000,80.25,81.16,80.15,81.0975,46195560.0
1581526800000,81.095,81.8025,81.0,81.8,51294832.0
1581541200000,81.8,81.8375,81.125,81.2625,8056268.0
1581584400000,81.04,81.1,80.36,80.825,1109944.0
1581598800000,80.825,81.49,80.6,81.2475,48315512.0
1581613200000,81.245,81.555,81.0975,81.2275,36228828.0
1581627600000,81.2175,81.3875,81.0825,81.225,2810000.0
1581670800000,81.3575,81.625,81.3575,81.5475,179192.0
1581685200000,81.55,81.6,80.7125,81.2482,35954204.0
1581699600000,81.2425,81.2825,80.835,81.235,34043780.0
1581714000000,81.2375,81.2725,81.1875,81.2625,2614736.0
1582016400000,78.2375,79.05,77.5175,79.025,2469596.0
1582030800000,78.6,79.935,78.4075,78.9038,78944796.0
1582045200000,78.9,79.9375,78.8025,79.75,56139196.0
1582059600000,79.75,79.9375,79.7,79.9375,4602740.0
1582102800000,80.0375,80.3375,80.0125,80.32,336652.0
1582117200000,80.1475,81.1425,79.75,80.99,48974332.0
1582131600000,80.9875,81.14,80.73,80.905,31450180.0
1582534800000,75.0,75.825,74.4775,75.45,2566452.0
1582549200000,75.4825,76.045,72.3075,74.925,118616984.0
1582563600000,74.915,75.8225,74.5,74.5425,77726440.0
1582578000000,74.545,75.325,74.315,75.275,5270440.0
1582621200000,75.5,75.625,74.63,75.6075,923132.0
1582635600000,75.225,75.6325,72.5875,73.8125,95933552.0
1582650000000,73.8336,74.1533,71.5325,72.02,114436520.0
1582664400000,72.02,72.4875,71.8625,72.075,7735492.0
1582707600000,71.325,72.445,70.36,71.9,1239696.0
1582722000000,71.8875,74.47,71.3375,73.6513,95506924.0
1582736400000,73.6525,73.735,71.6275,73.1725,87742176.0
1582750800000,73.1625,74.395,72.0175,72.575,4823204.0
1582794000000,72.275,72.875,70.8625,70.8725,1517300.0
1582808400000,72.0,72.0,68.435,70.5126,156705220.0
1582822800000,70.505,71.4125,68.24,68.26,133337672.0
1582837200000,68.38,68.6625,67.25,67.725,8518764.0
1582880400000,66.2,67.3375,65.375,66.9075,3406044.0
1582894800000,67.0,69.6025,64.0925,67.5375,220416572.0
1582909200000,67.5,68.795,65.915,68.66,164485976.0
1582923600000,68.635,69.0625,66.7475,68.775,10374928.0
1583139600000,70.75,71.21,68.16,69.5375,2522276.0
1583154000000,68.875,73.225,68.625,73.1775,163750640.0
1583740800000,67.8325,68.15,66.625,67.275,2014964.0
1583755200000,67.875,69.405,65.325,69.0325,125342156.0
1583769600000,69.02,69.5225,66.4675,66.5225,137648024.0
1583784000000,66.7075,68.4575,65.545,68.425,4971504.0
1583827200000,68.85,70.4775,68.605,69.6025,1360360.0
1583841600000,69.625,70.4575,67.3425,68.1675,129864336.0
1583856000000,68.1775,71.61,68.0825,71.4225,132309444.0
1583870400000,71.3525,71.4,69.525,69.875,7965612.0
1583913600000,69.565,70.0,68.875,69.375,878800.0
1583928000000,69.7,69.8375,68.6875,69.235,90747200.0
1583942400000,69.26,70.305,67.965,68.825,142242156.0
1583956800000,68.8575,69.59,68.65,68.85,7216296.0
1584000000000,65.95,66.185,64.275,64.325,2428932.0
1584014400000,64.35,65.6,62.595,63.1563,159520976.0
1584028800000,63.15,67.5,62.0,62.0,224442528.0
1584043200000,62.0425,62.8563,58.8775,59.1625,8314820.0
1584086400000,63.775,66.0,63.5,65.9,2658456.0
1584100800000,64.8125,67.1725,63.2375,64.3378,159762656.0
1584115200000,64.3375,69.98,63.59,69.515,173114956.0
1584129600000,69.4925,69.5,68.1375,68.375,10545160.0
1584345600000,63.17,64.075,60.8175,60.89,2755688.0
1584360000000,61.25,64.77,59.63,64.5775,141978356.0
1585036800000,58.255,59.5,57.875,58.37,2035560.0
1585051200000,59.045,60.86,57.8075,60.5737,120382452.0
1585065600000,60.57,61.9225,59.135,61.72,135725988.0
1585080000000,61.7175,62.25,60.1949,61.5,4515260.0
1585123200000,63.75,64.975,61.6375,62.1025,2390972.0
1585137600000,62.4825,64.5625,61.075,63.2975,130642636.0
1585152000000,63.32,64.325,61.075,61.3663,141657144.0
1585166400000,61.38,62.0675,61.0875,61.88,5394568.0
1585209600000,60.8,61.45,60.5,60.6725,885132.0
1585224000000,60.6275,63.6691,60.1,63.445,103102092.0
1585238400000,63.4575,64.67,62.54,64.62,116569652.0
1585252800000,64.53,64.75,63.1993,64.7325,10156140.0
1585296000000,63.61,63.8,62.825,63.075,1171040.0
1585310400000,63.45,63.5875,62.095,62.5,73908004.0
1585324800000,62.4975,63.9675,61.7625,61.905,107903296.0
1585339200000,61.935,62.7156,61.75,61.75,4298784.0
1585555200000,61.75,62.4975,61.38,62.25,889072.0
1585569600000,61.8314,63.415,61.8275,63.1425,69205592.0
1585584000000,63.1325,63.88,62.815,63.6975,81463484.0
1585598400000,63.6975,63.7025,63.475,63.625,4354260.0
1585641600000,64.3275,64.675,63.635,63.87,575600.0
1585656000000,63.8575,65.6225,63.075,64.72,77691580.0
1585670400000,64.715,64.835,63.0,63.575,86131840.0
1585684800000,63.5725,64.1497,62.65,62.65,9552768.0
1586332800000,65.0,65.7125,64.355,65.575,467808.0
1586347200000,65.2874,66.435,65.175,66.2175,61379584.0
1586361600000,66.22,66.8425,65.7094,66.51,85371320.0
1586376000000,66.5175,66.84,66.2463,66.84,7111908.0
1586419200000,67.1375,67.225,65.85,66.0175,446732.0
1586433600000,66.1744,67.575,65.5888,66.7925,76991624.0
1586448000000,66.7925,67.22,66.3225,66.99,74024344.0
1586462400000,67.0,67.3925,66.7393,67.2875,4164472.0
1586764800000,66.375,67.0375,66.125,67.0,420132.0
1586779200000,66.7033,67.43,66.4575,66.9525,53405348.0
1586793600000,66.9525,68.425,66.8525,68.3075,68435052.0
1586808000000,68.3125,68.7375,68.185,68.6625,2281016.0
1586851200000,69.375,69.8125,69.0775,69.575,887740.0
1586865600000,69.4,71.55,69.3176,71.0643,92723500.0
1586880000000,71.07,72.0625,71.07,71.7675,83125448.0
1586894400000,71.7625,72.05,70.855,71.475,5260272.0
1586937600000,70.955,71.275,70.6275,71.075,755100.0
1586952000000,70.875,71.9375,69.9,70.7402,57887288.0
1586966400000,70.7409,71.5825,70.5107,71.1125,54524536.0
1586980800000,71.1075,71.225,70.5,70.75,6354268.0
1587024000000,71.9175,72.2525,71.67,71.7375,540576.0
1587038400000,71.9375,72.25,70.8825,71.7025,70407836.0
1587052800000,71.6875,71.8025,70.5875,71.68,69539116.0
1587067200000,71.6725,74.2125,71.4354,73.8425,6982592.0
1587110400000,72.1975,72.8325,71.7025,71.7125,2549936.0
1587628800000,68.565,68.99,68.5,68.8275,195172.0
1587643200000,68.8127,70.4375,68.5825,69.92,49571620.0
1587657600000,69.9213,70.085,68.7175,68.7175,62113456.0
1587672000000,68.7575,68.8625,68.275,68.275,4360312.0
1587715200000,68.2,69.135,68.2,68.915,299324.0
1587729600000,69.075,70.1225,68.875,69.7125,51991932.0
1587744000000,69.7175,70.7525,69.62,70.7375,62837504.0
1587758400000,70.7425,70.75,70.1903,70.475,4398384.0
1587974400000,71.35,71.65,70.565,71.125,1072848.0
1587988800000,70.665,71.25,69.9875,70.5578,58724292.0
1588003200000,70.56,70.905,70.0881,70.8125,48748312.0
1588017600000,70.7925,70.9125,70.6209,70.8475,3228332.0
1588060800000,71.125,71.7325,70.9725,71.4675,240532.0
1588075200000,71.42,71.55,70.14,70.2875,51231928.0
1588089600000,70.2875,70.6,69.55,69.6425,48300196.0
1588104000000,69.67,70.3015,69.6275,70.145,4872680.0
1588147200000,70.58,70.7,70.125,70.25,279140.0
1588161600000,70.4488,72.4175,70.125,71.7194,62277388.0
1588176000000,71.72,72.3325,71.5825,71.9575,52733356.0
1588190400000,71.9325,73.1225,71.75,73.075,10098816.0
1588233600000,73.375,73.375,72.44,72.55,604116.0
1588248000000,72.7645,73.33,71.8025,72.5525,59404264.0
1588262400000,72.5575,73.6325,72.195,73.4975,80018216.0
1588276800000,73.4975,75.3699,71.1875,71.575,31890780.0
1588320000000,71.32,71.65,71.0,71.375,647804.0
1588334400000,71.455,74.75,71.0275,73.365,136041400.0
1588924800000,76.6275,76.7475,76.35,76.56,391140.0
1588939200000,76.6233,77.0,76.0725,76.9975,50986460.0
1588953600000,76.9925,77.5875,76.66,77.5371,72852428.0
1588968000000,77.5325,77.685,76.9925,77.6375,2567692.0
1589184000000,77.785,77.9125,76.87,76.95,887808.0
1589198400000,77.0,78.4575,76.7525,78.3188,65997408.0
1589212800000,78.315,79.2625,78.1725,78.7513,68530364.0
1589227200000,78.7525,78.9875,78.6425,78.8025,2064236.0
1589270400000,78.8025,79.4975,78.5025,79.3725,723840.0
1589284800000,79.375,79.7825,78.9375,79.5923,63766684.0
1589299200000,79.5975,79.922,77.7275,77.835,79372964.0
1589313600000,77.8358,79.1003,77.15,77.25,6829068.0
1589356800000,77.7525,78.5,77.6875,78.45,701580.0
1589371200000,78.125,78.9875,77.195,77.315,85626680.0
1589385600000,77.3164,77.335,75.8025,76.92,103918004.0
1589400000000,76.9125,77.37,76.9,77.125,2559180.0
1589443200000,77.0,77.28,76.1275,76.1675,503920.0
1589457600000,76.9,77.0,75.3825,76.0625,71043388.0
1589472000000,76.0675,77.4475,75.735,77.425,75467384.0
1589486400000,77.4475,77.6,76.3278,77.55,3252584.0
1589529600000,77.775,77.8125,75.1875,75.3125,1786992.0
1589544000000,75.3125,76.95,74.9375,75.7713,77517640.0
1589558400000,75.7713,76.975,75.72,76.935,76995172.0
1589572800000,76.9275,76.945,76.2053,76.655,3236420.0
1589788800000,77.465,78.325,77.1425,78.3,752112.0
1589803200000,77.725,78.605,77.1175,78.495,56647712.0
1590480000000,80.7875,81.375,80.7675,80.97,557532.0
1590494400000,80.925,81.4875,79.175,79.7163,55737072.0
1590508800000,79.715,80.3425,79.125,79.21,56411048.0
1590523200000,79.1825,79.4,79.1625,79.22,1962952.0
1590566400000,79.8,80.3025,79.445,79.475,415764.0
1590580800000,79.4975,79.95,78.2725,78.7075,59246148.0
1590595200000,78.715,79.6,78.3875,79.52,41667684.0
1590609600000,79.5275,79.6,79.305,79.45,2630916.0
1590652800000,79.375,79.45,79.01,79.025,294068.0
1590667200000,79.05,80.43,78.625,80.4072,47481952.0
1590681600000,80.4025,80.86,79.39,79.55,69918600.0
1590696000000,79.5625,79.875,79.39,79.525,5781068.0
1590739200000,79.5225,80.2225,79.315,80.175,333624.0
1590753600000,79.7875,80.3125,79.1175,79.76,42847036.0
1590768000000,79.765,80.2875,79.135,79.48,73327664.0
1590782400000,79.485,79.87,79.485,79.75,9172272.0
1590998400000,79.75,79.75,78.575,79.375,432680.0
1591012800000,79.55,80.4275,79.125,80.1725,40813640.0
1591027200000,80.175,80.5875,80.0625,80.44,35456692.0
1591041600000,80.4625,80.5225,80.005,80.1875,911024.0
1591084800000,80.6225,80.9975,80.2025,80.3125,563704.0
1591099200000,80.8075,80.9538,79.7325,79.93,40926004.0
1591113600000,79.9275,80.86,79.9125,80.855,36414060.0
1591128000000,80.855,80.87,80.1515,80.8375,3545316.0
1591171200000,81.125,81.4125,81.075,81.25,479460.0
1591185600000,81.1718,81.3125,80.615,80.9225,41134636.0
1591200000000,80.9125,81.55,80.575,81.2725,51947964.0
1591214400000,81.28,81.3,81.0287,81.3,3939620.0
1591257600000,81.2025,81.2025,80.9025,81.1725,153924.0
1591603200000,82.75,82.875,82.5625,82.6975,462248.0
1591617600000,82.75,82.8725,81.83,82.6225,43878800.0
1591632000000,82.63,83.4,82.4575,83.3825,41676776.0
1591646400000,83.365,83.4,83.0775,83.2,2425676.0
1591689600000,82.9,82.96,82.25,82.855,276232.0
1591704000000,82.7504,85.5548,82.7275,85.2838,64027236.0
1591718400000,85.2825,86.4025,85.2679,85.955,70431052.0
1591732800000,85.9975,86.3925,85.2812,86.35,5849540.0
1591776000000,86.505,87.275,86.0575,87.175,894932.0
1591790400000,86.7992,88.21,86.35,87.98,82991332.0
1591804800000,88.0015,88.6925,87.5625,88.1875,72584064.0
1591819200000,88.21,88.3525,87.6375,87.75,3821720.0
1591862400000,87.235,87.3,86.6025,86.8925,1091728.0
1591876800000,86.9235,87.765,86.55,87.0688,70648948.0
1591891200000,87.065,87.325,83.87,83.9925,110579036.0
1591905600000,83.975,85.1825,83.9625,85.1825,4753664.0
1591948800000,85.25,85.9775,85.245,85.7375,849224.0
1591963200000,85.675,86.95,83.7977,85.57,87397748.0
1591977600000,85.5725,85.8625,83.5558,84.6325,96162784.0
1591992000000,84.6325,85.0138,84.5,84.6,5592688.0
1592208000000,82.625,83.73,82.625,83.4725,561972.0
1592222400000,83.295,84.4775,82.9294,84.395,55702384.0
1592236800000,84.3918,86.42,84.34,85.7475,70992068.0
1592251200000,85.7475,86.4475,85.72,86.4475,4476636.0
1592294400000,86.575,87.375,86.5025,87.2875,807580.0
1592308800000,86.775,88.255,86.18,87.595,80225916.0
1592812800000,87.6,88.1925,87.5,88.05,510700.0
1592827200000,87.5625,89.0878,87.5525,89.0125,51379440.0
1592841600000,89.0125,89.865,89.0112,89.7325,72078724.0
1592856000000,89.725,90.5625,89.7175,90.55,3286884.0
1592899200000,90.8525,91.225,90.615,91.1625,1066896.0
1592913600000,91.0625,92.11,90.5675,92.105,78336068.0
1592928000000,92.1025,93.095,91.5075,91.5925,122699592.0
1592942400000,91.6325,91.9963,91.0875,91.3,2767136.0
1592985600000,91.425,91.55,90.65,91.1375,678404.0
1593000000000,91.1725,92.1975,89.63,89.995,93174744.0
1593014400000,89.98,90.9556,89.7925,90.015,87723652.0
1593028800000,90.015,90.2,89.65,89.7375,2410732.0
1593072000000,89.3875,90.7,89.35,89.9775,571484.0
1593086400000,90.525,90.845,89.3925,90.3358,63397660.0
1593100800000,90.3425,91.25,90.0,91.22,65341056.0
1593115200000,91.21,91.35,90.97,91.3375,2465272.0
1593158400000,90.965,91.48,90.75,91.2325,253124.0
1593172800000,91.3758,91.465,88.7626,90.22,72983776.0
1593187200000,90.225,90.24,88.255,88.4225,91422320.0
1593201600000,88.4075,88.7375,88.375,88.41,14035976.0
1593417600000,88.5,88.8,88.0875,88.75,602284.0
1593432000000,88.755,90.2375,87.82,90.01,63956668.0
1593446400000,90.02,90.5434,89.63,90.5,52769416.0
1593460800000,90.445,90.81,90.375,90.625,5558260.0
1593504000000,90.675,90.6875,89.625,90.1625,526584.0
1593518400000,90.355,91.47,89.7775,91.3425,51931576.0
1594108800000,93.25,93.5825,92.925,93.5475,316252.0
1594123200000,93.2659,94.655,93.075,94.4075,48260904.0
1594137600000,94.42,94.4675,93.0575,93.16,50491456.0
1594152000000,93.1725,93.75,93.1125,93.7275,4672228.0
1594195200000,93.715,94.075,93.375,94.0,351024.0
1594209600000,93.75,95.22,93.1725,94.9375,57687664.0
1594224000000,94.9475,95.375,94.4775,95.36,46163452.0
1594238400000,95.3425,95.7725,95.2625,95.55,4105780.0
1594281600000,95.695,96.24,95.6925,96.125,590032.0
1594296000000,96.1807,96.3475,94.6725,95.3413,59766952.0
1594310400000,95.3175,96.035,95.0,95.665,56444792.0
1594324800000,95.6825,95.875,95.525,95.8725,3830760.0
1594368000000,95.22,95.5425,95.075,95.2975,379712.0
1594382400000,95.4625,95.92,94.7052,95.505,43067468.0
1594396800000,95.5225,95.98,95.1075,95.88,39046392.0
1594411200000,95.92,96.0475,95.8625,95.925,2791264.0
1594627200000,96.6,97.1675,96.575,97.015,936408.0
1594641600000,97.0063,99.955,96.85,99.4163,79813364.0
1594656000000,99.4225,99.6225,95.2575,95.4775,94786488.0
1594670400000,95.4775,96.22,95.24,96.125,6526400.0
1594713600000,95.9,96.7,95.7575,96.6,852472.0
1594728000000,95.924,96.6975,93.8775,95.5265,85914960.0
1594742400000,95.55,97.255,95.005,97.0525,69121880.0
1594756800000,97.0575,97.7875,96.88,97.78,7306348.0
1594800000000,97.6,99.47,97.185,98.39,1385416.0
1594814400000,99.1225,99.475,96.7025,96.7213,83078824.0
1595404800000,96.7525,97.4425,96.4,97.25,394240.0
1595419200000,97.3,97.975,96.66,97.095,43267084.0
1595433600000,97.1025,97.4625,96.6025,97.2725,33447712.0
1595448000000,97.2725,97.3125,96.875,97.075,6632804.0
1595491200000,97.7375,97.9,97.335,97.4975,407584.0
1595505600000,97.3775,97.8952,95.5875,95.71,46157256.0
1595520000000,95.7025,95.7025,92.0098,92.89,132261500.0
1595534400000,92.845,93.205,92.5125,93.1125,9030128.0
1595577600000,91.5,92.0,90.775,91.22,1472840.0
1595592000000,91.8125,92.905,89.145,92.31,109706552.0
1595606400000,92.31,92.97,91.395,92.605,65517872.0
1595620800000,92.615,92.85,92.2525,92.425,4516476.0
1595836800000,93.0025,94.0,92.83,93.8125,702748.0
1595851200000,93.3766,94.875,93.375,93.895,58353860.0
1595865600000,93.91,94.905,93.76,94.8037,49416420.0
1595880000000,94.81,95.2475,94.795,95.245,5709848.0
1595923200000,95.1375,95.295,94.36,94.5225,444572.0
1595937600000,94.9347,94.9875,93.4775,93.7258,43914548.0
1595952000000,93.7175,94.38,93.2475,93.26,40842372.0
1595966400000,93.2525,93.6875,93.2525,93.6875,4820640.0
1596009600000,93.85,94.03,93.75,93.8975,241992.0
1596024000000,93.9266,94.82,93.2525,94.56,37697392.0
1596038400000,94.5525,95.23,94.0425,95.0675,44430556.0
1596052800000,95.04,95.58,94.97,95.225,4222412.0
1596096000000,94.125,94.5,93.625,94.25,752976.0
1596110400000,94.17,95.3675,93.7275,95.1963,48302200.0
1596124800000,95.1975,96.2975,95.1975,96.22,70106860.0
1596700800000,110.05,110.05,109.58,109.8475,332432.0
1596715200000,109.8431,111.7475,109.625,111.5538,67986152.0
1596729600000,111.5561,114.4125,111.5188,113.97,122804400.0
1596744000000,113.9025,114.275,113.64,114.25,3888264.0
1596787200000,113.5,113.6775,112.5125,113.25,1015308.0
1596801600000,113.7125,113.7775,112.0325,112.2228,85596004.0
1596816000000,112.2075,112.622,110.2925,111.1025,99007380.0
1596830400000,111.1125,111.75,110.9025,111.3725,6207708.0
1597046400000,111.625,112.4975,111.35,112.485,994892.0
1597060800000,112.18,113.775,110.0,112.0592,116547820.0
1597075200000,112.0725,113.245,111.81,112.735,86377872.0
1597089600000,112.7275,112.8,112.3241,112.4775,2645096.0
1597132800000,113.025,113.5525,112.28,112.4,1182032.0
1597147200000,112.91,113.275,111.07,111.3837,70687248.0
1597161600000,111.3925,111.87,109.1067,109.3775,91779960.0
1597176000000,109.375,110.7329,109.28,110.035,6923776.0
1597219200000,110.35,110.815,110.3475,110.625,666544.0
1597233600000,110.4606,112.5,109.6475,112.3825,69911556.0
1597248000000,112.3775,113.275,112.28,113.06,85136152.0
1597262400000,113.01,113.125,112.7,113.1225,2673216.0
1597305600000,113.1225,113.75,112.675,113.6875,760468.0
1597320000000,113.625,115.5825,113.2575,115.2813,92750260.0
1597334400000,115.2875,116.0425,114.1925,115.0075,103121796.0
1597348800000,115.01,115.01,114.375,114.875,9608868.0
1597392000000,114.8675,115.395,114.3175,115.2875,834324.0
1597406400000,114.7933,115.385,113.045,113.945,79656136.0
1597996800000,119.345,119.345,118.755,118.825,1425972.0
1598011200000,119.0989,123.3975,118.5,122.0625,158767776.0
1598025600000,122.055,124.868,121.9775,124.35,159589188.0
1598040000000,124.37,124.7475,121.55,124.7375,8924608.0
1598256000000,126.525,128.575,126.1275,128.4725,3938808.0
1598270400000,128.4725,128.995,123.9363,127.02,193801076.0
1598284800000,127.0275,127.45,124.655,125.9475,136088840.0
1598299200000,125.8575,126.525,125.805,126.525,6083252.0
1598342400000,126.625,126.625,125.05,125.1125,1026084.0
1598356800000,126.0625,126.2475,123.0525,123.9725,111839968.0
1598371200000,123.9825,125.0725,123.4725,124.8275,88036508.0
1598385600000,124.825,124.9975,124.8,124.9075,4679884.0
1598428800000,125.005,126.23,124.75,125.875,889908.0
1598443200000,125.83,126.9925,125.0825,126.2075,75402892.0
1598457600000,126.205,126.825,125.4,126.5475,76101440.0
1598472000000,126.5225,126.805,126.0925,126.325,2969744.0
1598515200000,126.5275,127.4675,126.005,127.1375,1048816.0
1598529600000,126.825,127.485,125.715,126.1828,61489876.0
1598544000000,126.1925,126.21,123.8325,125.01,85648568.0
1598558400000,125.01,125.25,124.77,125.225,2397108.0
1598601600000,125.2525,125.95,125.1075,125.895,820840.0
1598616000000,125.895,126.285,124.8575,125.6075,60182028.0
1598630400000,125.5925,126.4425,124.5775,124.725,94212884.0
1598644800000,124.8075,125.5,124.695,125.495,7818532.0
1599552000000,120.36,120.4,115.0,115.25,1773626.0
1599566400000,115.3,118.99,113.25,116.28,109942164.0
1599580800000,116.28,117.21,112.68,112.83,100751922.0
1599595200000,112.82,113.3,110.59,112.48,7191940.0
1599638400000,114.51,117.19,114.51,116.18,1658148.0
1599652800000,115.7607,118.47,115.03,117.85,82942798.0
1599667200000,117.85,119.14,116.8,117.18,72889673.0
1599681600000,117.32,118.54,116.8,118.52,8037931.0
1599724800000,116.82,119.15,115.69,118.95,825715.0
1599739200000,117.79,120.64,115.56,116.89,75939614.0
1599753600000,116.89,117.37,112.5,113.48,92263944.0
1599768000000,113.49,114.5,113.36,114.1,4830934.0
1599811200000,115.1,116.35,114.56,115.33,953750.0
1599825600000,114.8575,115.45,110.0,111.54,75671342.0
1599840000000,111.55,112.55,110.03,112.01,93834503.0
1599854400000,112.02,112.23,111.75,111.99,4039392.0
1600070400000,114.65,115.15,113.7,113.77,994726.0
1600084800000,114.16,115.71,113.49,114.5116,60576483.0
1600099200000,114.51,115.93,112.8,115.3599,64190894.0
1600113600000,115.355,116.0,115.13,115.94,5240072.0
1600156800000,116.54,117.89,116.11,117.54,908092.0
1600675200000,105.64,105.68,103.36,104.49,2478787.0
1600689600000,104.52,107.85,103.1,106.47,91392266.0
1600704000000,106.4714,110.19,106.3,110.13,88626707.0
1600718400000,110.08,111.0,109.44,110.95,5146124.0
1600761600000,111.0,111.99,110.0,111.03,1087558.0
1600776000000,111.03,112.94,109.16,110.0399,83213748.0
1600790400000,110.0399,112.45,109.47,111.8,86279411.0
1600804800000,111.81,111.92,110.5,110.6,4893563.0
1600848000000,111.15,112.61,111.04,111.11,723232.0
1600862400000,111.11,112.11,109.71,109.82,55566506.0
1600876800000,109.81,110.18,106.77,107.23,77894794.0
1600891200000,107.12,107.39,105.55,105.6,3412481.0
1600934400000,106.5,107.01,105.82,105.91,553915.0
1600948800000,106.4308,110.05,104.8,109.57,78067334.0
1600963200000,109.57,110.25,107.53,108.2015,75389561.0
1600977600000,108.14,109.4,108.0,109.0,6815625.0
1601020800000,108.53,108.7,107.2,108.56,442750.0
1601035200000,107.4501,110.94,107.25,109.865,65073048.0
1601049600000,109.865,112.44,109.82,112.28,72374315.0
1601064000000,112.3,112.57,111.64,112.25,4523675.0
1601280000000,113.8,115.45,113.7,115.4,1228125.0
1601884800000,113.75,114.71,113.48,113.98,662320.0
1601899200000,114.0,115.49,113.3,115.175,44077624.0
1601913600000,115.175,116.65,115.06,116.54,51027922.0
1601928000000,116.5,116.6598,115.61,115.76,4492309.0
1601971200000,115.76,116.13,115.23,115.84,407260.0
1601985600000,115.84,116.79,113.48,113.8399,57609490.0
1602000000000,113.8308,116.02,112.25,113.16,92157416.0
1602014400000,113.16,114.755,112.33,113.2,3987313.0
1602057600000,114.1,114.45,113.6,114.34,830722.0
1602072000000,114.35,115.2463,113.1336,114.6812,43303905.0
1602086400000,114.69,115.55,114.13,115.05,43904694.0
1602100800000,115.08,115.37,114.8,115.37,2471866.0
1602144000000,116.0,116.34,115.78,116.25,547672.0
1602158400000,116.0001,116.5,114.92,115.23,40722477.0
1602172800000,115.24,115.54,114.5901,114.97,35772330.0
1602187200000,114.97,115.28,114.83,115.27,2531693.0
1602230400000,115.56,115.58,115.05,115.22,235571.0
1602244800000,115.1399,116.37,114.92,116.13,42836680.0
1602259200000,116.13,117.0,115.77,116.98,47000921.0
1602273600000,116.97,118.0,116.92,118.0,4654775.0
1602489600000,118.55,120.95,118.55,120.77,1525048.0
1602504000000,120.3599,123.63,117.26,122.71,95544447.0
1603180800000,117.5,118.35,116.95,117.06,518329.0
1603195200000,117.4201,117.62,115.63,117.17,48552739.0
1603209600000,117.16,118.98,116.94,117.5,65075964.0
1603224000000,117.51,118.0,116.95,117.83,5046018.0
1603267200000,117.61,117.94,116.5,116.82,407379.0
1603281600000,117.1201,118.705,116.45,117.385,37133230.0
1603296000000,117.3808,118.1,116.74,116.86,43835030.0
1603310400000,116.87,117.05,116.0,116.39,3287278.0
1603353600000,116.0,117.12,116.0,116.98,454193.0
1603368000000,116.6801,118.04,114.59,115.39,51018919.0
1603382400000,115.4,116.34,114.97,115.7737,44273961.0
1603396800000,115.75,116.23,115.6,116.1,1655679.0
1603440000000,116.25,116.65,115.88,116.3,299336.0
1603454400000,116.27,116.55,114.28,114.6,36707892.0
1603468800000,114.5916,115.16,114.33,115.05,39301541.0
1603483200000,115.04,115.29,114.97,115.09,2197311.0
1603699200000,113.7,114.36,113.31,113.75,595085.0
1603713600000,114.2999,116.55,113.55,114.18,47847458.0
1603728000000,114.17,115.22,112.88,115.06,52505134.0
1603742400000,115.05,115.25,114.135,114.86,3711026.0
1603785600000,115.22,116.0,115.0,115.8,289721.0
1603800000000,115.7501,117.19,114.5399,117.11,41600802.0
1604480400000,113.3,114.58,112.15,114.18,1727558.0
1604494800000,114.17,115.51,112.35,115.11,65679387.0
1604509200000,115.1,115.59,114.44,114.94,58715027.0
1604523600000,114.95,116.0,114.88,115.99,2981034.0
1604566800000,117.7,119.0,117.5,118.21,1014375.0
1604581200000,117.9799,119.62,115.23,118.1095,60335622.0
1604595600000,118.12,119.3,117.41,118.99,53264851.0
1604610000000,119.03,119.3,117.98,118.0,3969993.0
1604653200000,117.77,117.77,116.54,116.96,561023.0
1604667600000,117.3199,118.82,116.13,118.74,58784151.0
1604682000000,118.74,119.2,118.09,118.685,45139669.0
1604696400000,118.69,118.7019,118.42,118.52,2900059.0
1604912400000,121.2,121.96,117.93,119.79,2273035.0
1604926800000,119.75,121.99,117.9,120.56,71876401.0
1604941200000,120.57,121.0,116.05,116.32,66256601.0
1604955600000,116.32,117.7,116.03,116.88,3363673.0
1604998800000,116.84,117.0,114.0,114.81,1350660.0
1605013200000,114.9,117.59,114.13,116.6741,55017979.0
1605027600000,116.678,117.59,115.73,115.97,65150319.0
1605042000000,115.97,116.9132,115.68,116.05,6962460.0
1605085200000,117.67,117.67,116.66,117.54,555323.0
1605776400000,117.4,118.03,117.4,117.91,221730.0
1605790800000,117.9,118.38,116.81,118.13,34147623.0
1605805200000,118.135,119.06,117.54,118.64,32337272.0
1605819600000,118.64,118.9,118.08,118.32,2156932.0
1605862800000,118.35,118.95,118.32,118.84,134318.0
1605877200000,118.95,118.97,117.84,117.9898,31684911.0
1605891600000,117.98,118.3,117.29,117.32,32255104.0
1605906000000,117.33,117.44,116.91,117.11,3058681.0
1606122000000,117.31,117.91,117.3,117.62,332016.0
1606136400000,117.47,117.65,113.8,114.49,59132639.0
1606150800000,114.5,115.36,113.75,113.88,58522236.0
1606165200000,113.85,114.9,113.85,114.6,3712540.0
1606208400000,114.6,114.65,114.0,114.25,632080.0
1606222800000,114.25,115.37,112.59,114.81,57830567.0
1606237200000,114.81,115.85,114.23,115.17,44984388.0
1606251600000,115.17,115.61,115.0,115.58,2006392.0
1606294800000,115.54,115.68,115.0,115.23,336259.0
1606309200000,115.23,116.75,114.9,116.02,39291571.0
1606323600000,116.03,116.47,115.7,116.02,29064593.0
1606338000000,116.03,116.41,116.01,116.27,3545005.0
1606467600000,116.8,116.98,116.51,116.7,193964.0
1606482000000,116.74,117.49,116.3,116.8601,32660060.0
1606496400000,116.8682,116.92,116.22,116.59,12333796.0
1606510800000,116.46,116.53,116.44,116.44,481528.0
1606726800000,116.44,117.3,116.22,117.04,474540.0
1607072400000,123.3,123.31,122.9,122.9,153817.0
1607086800000,123.2685,123.28,121.52,122.3728,33219291.0
1607101200000,122.38,122.4,121.67,122.24,29701211.0
1607115600000,122.25,122.3,122.0,122.14,7993057.0
1607331600000,122.0,122.47,121.2,122.16,221189.0
1607346000000,122.13,124.57,121.966,124.0899,40257663.0
1607360400000,124.09,124.29,123.3,123.8,31816786.0
1607374800000,123.75,123.84,123.5,123.52,7228237.0
1607418000000,123.65,123.88,122.99,123.4,168776.0
1607432400000,123.3391,124.96,123.0,123.89,34153820.0
1607446800000,123.885,124.98,123.855,124.33,36231707.0
1607461200000,124.38,124.56,124.16,124.28,4133203.0
1607504400000,124.8,124.84,124.01,124.83,370960.0
1607518800000,124.34,125.95,123.86,124.895,40534977.0
1607533200000,124.891,124.92,121.0,121.67,57493421.0
1607547600000,121.78,122.7989,120.9,121.16,4286686.0
1607590800000,121.26,122.0,120.67,120.83,376010.0
1607605200000,121.0499,123.87,120.01,123.3,37257613.0
1607619600000,123.29,123.62,122.71,123.22,32816422.0
1607634000000,123.24,123.45,122.89,123.17,2228273.0
1607677200000,122.92,122.99,121.5,122.48,283116.0
1607691600000,122.48,122.94,120.8,120.99,35466507.0
1607706000000,120.995,122.5,120.55,122.49,38228820.0
1607720400000,122.41,122.49,121.72571,122.28,4875612.0
1608541200000,127.1,127.5,123.84,124.69,1806057.0
1608555600000,124.7,126.655,123.449,124.94,48225187.0
1608570000000,124.94,128.31,124.89,128.24,50579343.0
1608584400000,128.23,132.0,127.98,130.62,11407136.0
1608627600000,130.7,132.5,130.69,131.85,1863788.0
1608642000000,131.9148,134.405,129.65,131.475,100059467.0
1608656400000,131.475,133.15,131.04,131.845,57694155.0
1608670800000,131.88,131.89,130.23,130.33,2540763.0
1608714000000,131.75,132.75,131.16,132.189,637509.0
1608728400000,131.4201,132.59,130.78,131.56,41720756.0
1608742800000,131.55,132.26,130.92,130.96,33372771.0
1608757200000,130.96,131.16,130.78,131.05,4257628.0
1608800400000,131.05,131.15,130.69,131.07,206047.0
1608814800000,131.0499,133.46,130.9,131.86,42182154.0
1608829200000,131.86,132.15,131.59,131.97,11778573.0
1608843600000,131.9,132.0,131.89,131.99,26715.0
1609146000000,132.72,133.65,132.57,133.65,534149.0
1609160400000,133.18,136.39,132.915,136.2899,62101315.0
1609174800000,136.2901,137.34,135.79,136.73,52795733.0
1609189200000,136.69,137.25,136.67,137.2,2415418.0
1609232400000,137.5,138.25,137.01,138.1,805161.0
1609246800000,137.6999,138.789,135.51,137.09,62714150.0
1609261200000,137.095,137.1,134.3409,134.93,51183708.0
1609275600000,134.87,135.25,134.62,134.7,2270227.0
1609750800000,133.31,134.43,133.02,133.95,815416.0
1609765200000,133.93,134.1,128.79,128.82,56187800.0
1609779600000,128.81,133.25,126.76,129.41,65469030.0
1609794000000,129.41,129.7,129.11,129.39,7125056.0
1609837200000,130.07,130.3,128.85,129.45,638258.0
1609851600000,129.53,131.74,128.31,130.29,46085900.0
1609866000000,130.29,131.45,129.84,130.95,38703851.0
1609880400000,131.01,131.4,130.6,130.65,4871474.0
1609923600000,128.5,129.2,127.52,128.36,1384827.0
1609938000000,128.36,131.0499,126.55,130.12,66960142.0
1609952400000,130.13,130.705,126.382,126.58,74416751.0
1609966800000,126.68,127.8,126.31,127.62,3020925.0
1610010000000,128.0,128.64,127.42,128.28,680407.0
1610024400000,128.1099,131.03,127.86,130.32,53604920.0
1610038800000,130.33,131.63,129.85,130.85,41487727.0
1610053200000,130.92,131.95,130.42,131.68,5369040.0
1610096400000,131.72,132.849,131.13,132.24,815594.0
1610110800000,132.15,132.85,130.26,132.24,48319322.0
1610125200000,132.2408,132.57,130.23,131.99,44829801.0
1610139600000,132.05,132.2,131.72,131.75,2259040.0
1610355600000,131.75,131.75,130.24,130.64,707369.0
1610370000000,131.1401,131.43,128.5,129.51,45007447.0
1611046800000,128.55,129.0,128.1,128.35,578622.0
1611061200000,128.36,128.9,126.938,127.71,39368425.0
1611075600000,127.7008,128.26,127.28,127.82,31769037.0
1611090000000,127.83,128.24,127.2512,128.18,5360227.0
1611133200000,128.68,128.75,128.0,128.73,287606.0
1611147600000,128.74,132.25,128.45,132.085,49064158.0
1611162000000,132.09,132.49,131.68,131.97,40442724.0
1611176400000,132.03,133.0,131.9602,133.0,5295791.0
1611219600000,133.2,134.09,133.0,134.05,681081.0
1611234000000,133.95,136.38,133.5,136.07,61103240.0
1611248400000,136.08,139.67,135.21,136.87,45695549.0
1611262800000,136.87,137.5,136.32,136.38,6378576.0
1611306000000,135.84,136.3,135.2,135.88,725077.0
1611320400000,136.2,137.66,135.02,137.34,48622227.0
1611334800000,137.35,139.85,137.2,138.9699,55077594.0
1611349200000,139.07,140.4,138.92,140.36,3294275.0
1611565200000,141.02,143.1,141.02,142.82,1713051.0
1611579600000,142.81,145.09,136.54,142.59,88099767.0
1611594000000,142.6,143.29,140.91,142.9,55903286.0
1611608400000,142.92,143.8,142.51,142.72,3563751.0
1611651600000,142.91,143.77,142.68,143.26,667327.0
1611666000000,142.92,144.3,141.37,141.92,48530631.0
1612256400000,135.51,135.8,135.22,135.479,491403.0
1612270800000,135.3,136.45,134.14,135.03,38687838.0
1612285200000,135.0399,135.48,134.61,134.98,34971253.0
1612299600000,134.99,135.4,134.53,135.35,3229167.0
1612342800000,135.6,135.88,135.0,135.17,516931.0
1612357200000,135.4699,135.8,133.61,134.585,36807210.0
1612371600000,134.585,135.55,133.9,133.9,35739444.0
1612386000000,133.94,138.02,133.67,136.56,6736227.0
1612429200000,136.38,136.85,135.4,136.25,756473.0
1612443600000,136.3999,136.85,134.27,136.03,38792298.0
1612458000000,136.0296,137.4,135.75,137.4,33007131.0
1612472400000,137.39,137.5,135.893,136.99,6284165.0
1612515600000,137.03,138.19,137.0,138.05,438905.0
1612530000000,137.8499,138.19,135.86,136.5889,34488463.0
1612544400000,136.58,137.33,136.06,136.77,33594256.0
1612558800000,136.76,136.91,135.85,136.68,2674837.0
1612774800000,136.68,137.1,136.05,136.2,507740.0
1612789200000,136.229,136.9,134.92,136.2308,36671606.0
1612803600000,136.235,136.96,135.8,136.9007,26454754.0
1612818000000,136.91,136.91,136.51,136.6,2205989.0
1612861200000,136.4,136.71,136.1,136.45,222200.0
1612875600000,136.5001,137.877,136.14,136.47,34012166.0
1613552400000,133.0,133.0,132.1,132.34,484223.0
1613566800000,132.3,133.2562,129.47,130.25,56985984.0
1613581200000,130.25,130.99,129.69,130.84,34699653.0
1613595600000,130.84,131.0,130.7,130.88,1919493.0
1613638800000,130.5,130.5,128.81,129.38,518588.0
1613653200000,129.41,129.68,127.41,128.34,47495216.0
1613667600000,128.335,129.995,127.9,129.7127,41989290.0
1613682000000,129.71,129.79,129.0,129.0,2213037.0
1613725200000,129.75,130.8,129.48,130.62,407817.0
1613739600000,130.1299,130.8,129.45,130.09,36948245.0
1613754000000,130.07,130.17,128.8,129.85,41862068.0
1613768400000,129.87,129.9,129.38,129.72,3524757.0
1613984400000,127.8,128.06,127.0,127.9,691147.0
1613998800000,127.8801,130.194,125.6,126.905,51948071.0
1614013200000,126.9,127.96,126.0,126.01,41016354.0
1614027600000,126.0,126.3,125.75,125.82,2469943.0
1614070800000,126.0,126.0,121.58,123.62,1632113.0
1614085200000,123.62,126.0,118.39,122.13,81350677.0
1614099600000,122.12,126.71,121.31,125.85,67822644.0
1614114000000,125.86,125.91,125.1,125.5,2965860.0
1614157200000,125.3,127.48,125.3,127.19,721666.0
1614171600000,125.8699,127.49,122.23,124.5293,53566861.0
1614848400000,121.77,122.25,120.7,121.82,879246.0
1614862800000,121.42,123.6,120.32,122.5433,60028369.0
1614877200000,122.55,123.05,118.62,120.22,97385553.0
1614891600000,120.13,120.6643,118.0,118.69,13052680.0
1614934800000,119.6,120.49,119.0,120.29,603433.0
1614949200000,120.27,121.67,117.57,119.0,71524588.0
1614963600000,119.01,121.935,118.46,121.39,71238313.0
1614978000000,121.42,121.49,120.415,121.49,2755044.0
1615194000000,119.24,120.1,118.52,119.58,682510.0
1615208400000,119.58,121.02,117.63,117.63,69088621.0
1615222800000,117.64,118.26,116.21,116.4,70990146.0
1615237200000,116.36,117.14,116.11,116.84,4885825.0
1615280400000,118.16,119.78,118.11,118.58,1076644.0
1615294800000,119.1299,121.5599,118.5,120.5559,60868226.0
1615309200000,120.56,122.06,120.465,121.08,51729119.0
1615323600000,121.085,121.36,120.75,121.09,5369738.0
1615366800000,121.5,121.51,119.69,120.55,784188.0
1615381200000,120.48,122.17,119.45,120.34,58230508.0
1615395600000,120.34,120.92,119.55,119.97,46530178.0
1615410000000,119.97,120.2,119.88,119.93,1880793.0
1615453200000,122.24,122.9,121.46,122.439,898943.0
1616140800000,120.86,121.7,120.86,121.32,316958.0
1616155200000,121.2401,121.43,119.675,120.46,58767433.0
1616169600000,120.47,121.16,119.85,119.87,53455344.0
1616184000000,119.99,120.22,119.87,120.02,22222275.0
1616400000000,120.7,121.18,120.2,120.89,299796.0
1616414400000,120.8495,122.84,119.99,122.32,41374947.0
1616428800000,122.32,123.87,122.32,123.37,50924315.0
1616443200000,123.39,123.47,123.01,123.18,8449653.0
1616486400000,123.02,123.31,122.2,123.11,297966.0
1616500800000,122.8818,124.24,122.5382,123.18,41698527.0
1616515200000,123.175,123.615,122.14,122.535,43258246.0
1616529600000,122.54,122.69,122.3,122.45,1921419.0
1616572800000,122.64,123.52,122.5,123.039,207713.0
1616587200000,123.05,123.2,121.11,121.56,34167435.0
1616601600000,121.56,121.72,120.065,120.0776,45808196.0
1616616000000,120.09,120.3,119.99,120.13,2344486.0
1616659200000,120.15,120.88,119.0,119.1,447772.0
1616673600000,120.4499,121.66,118.59,119.715,48957787.0
1616688000000,119.72,121.0901,119.485,120.6,42328574.0
1616702400000,120.59,120.85,120.35,120.75,1167135.0
1616745600000,121.4,121.4,120.05,120.42,406122.0
1616760000000,120.43,121.08,119.48,120.44,35521684.0
1616774400000,120.45,121.48,118.92,121.21,49434565.0
1617609600000,123.12,123.5,122.81,123.35,368309.0
1617624000000,123.35,125.62,123.05,125.325,41316192.0
1617638400000,125.33,126.1601,125.3101,125.9,38808286.0
1617652800000,125.89,126.5,125.81,126.5,2160329.0
1617696000000,125.33,126.38,125.0,126.3,366641.0
1617710400000,125.9192,127.13,125.65,126.9201,38406653.0
1617724800000,126.93,126.94,125.7491,126.23,32936144.0
1617739200000,126.21,126.41,126.04,126.33,3369213.0
1617782400000,126.51,126.52,126.19,126.3,183313.0
1617796800000,126.4694,127.47,125.14,127.3199,36403201.0
1617811200000,127.31,127.92,126.8528,127.91,39072928.0
1617825600000,127.9,128.4,127.474,128.4,2262552.0
1617868800000,128.61,129.2,128.5,128.9,424968.0
1617883200000,128.82,130.07,128.219,129.58,42204982.0
1617897600000,129.59,130.39,129.405,130.3772,39436437.0
1617912000000,130.36,130.87,130.34,130.87,1292214.0
1617955200000,130.29,130.34,129.59,130.02,303484.0
1617969600000,130.0,131.55,129.3,131.4317,43300163.0
1617984000000,131.433,133.04,131.27,132.99,51870476.0
1617998400000,132.995,133.03,130.9746,132.91,3370546.0
1618214400000,132.99,132.99,132.06,132.68,401273.0
1618228800000,132.3299,132.86,130.63,130.98,39735821.0
1618243200000,130.98,132.27,130.84,131.26,37866337.0
1618819200000,134.24,134.4,133.76,133.96,164829.0
1618833600000,133.99,135.47,133.34,134.38,40970962.0
1618848000000,134.37,134.94,133.72,134.86,35345056.0
1618862400000,134.84,135.0,134.55,134.98,12424886.0
1618905600000,135.0,135.18,134.12,134.65,243181.0
1618920000000,134.47,135.53,132.28,133.155,43496045.0
1618934400000,133.16,133.82,131.81,133.12,44757221.0
1618948800000,133.13,133.16,132.2,132.3,1752015.0
1618992000000,132.59,133.07,132.31,132.7,176223.0
1619006400000,132.97,133.5,131.3001,133.435,34685447.0
1619020800000,133.4314,133.75,132.75,133.49,27327073.0
1619035200000,133.5,133.54,132.9,132.9,1522965.0
1619078400000,133.4,133.6,133.01,133.11,127947.0
1619092800000,133.23,134.15,132.52,133.8117,28857157.0
1619107200000,133.82,134.1,131.41,131.94,47374146.0
1619121600000,131.94,132.7582,131.84,131.88,3633871.0
1619164800000,132.15,132.41,132.0,132.25,188529.0
1619179200000,132.1599,134.58,132.05,134.38,30776417.0
1619193600000,134.375,135.12,134.1,134.3,38578450.0
1619208000000,134.32,134.3414,134.17,134.29,2038718.0
1619424000000,133.9,134.55,133.73,134.46,432917.0
1619438400000,134.0501,134.96,133.56,134.5001,29718476.0
1619452800000,134.5012,135.06,134.2083,134.73,27508694.0
1619467200000,134.72,134.9,134.51,134.9,3511351.0
1619510400000,134.89,135.47,134.65,135.41,329640.0
1620028800000,131.9,132.3,131.5,132.04,363777.0
1620043200000,131.85,134.07,131.82,132.815,39077355.0
1620057600000,132.815,132.98,132.21,132.55,28856534.0
1620072000000,132.54,132.54,132.25,132.33,2707710.0
1620115200000,131.88,132.08,131.0,131.07,413643.0
1620129600000,131.94,132.08,126.73,126.9301,66214351.0
1620144000000,126.93,128.0,126.7,127.94,58604931.0
1620158400000,127.85,127.9,127.52,127.7,3998561.0
1620201600000,128.4,129.1,128.36,128.9,474653.0
1620216000000,128.78,130.45,128.68,130.1489,42479632.0
1620230400000,130.15,130.1899,127.97,128.15,34388685.0
1620244800000,128.1,128.2,127.81,127.98,2420482.0
1620288000000,128.24,128.6,127.96,128.11,178573.0
1620302400000,128.1499,129.06,127.13,128.725,36101763.0
1620316800000,128.73,129.75,128.149,129.73,33862019.0
1620331200000,129.74,130.23,129.58,130.05,2029565.0
1620374400000,129.93,130.07,129.38,129.96,169097.0
1620388800000,130.05,132.0,129.475,131.12,38572741.0
1620403200000,131.1201,131.15,129.85,130.21,29174168.0
1620417600000,130.21,130.49,130.1,130.49,1855838.0
1620633600000,129.98,130.18,129.6,129.78,183895.0
1620648000000,129.9599,130.18,127.865,128.5339,36389833.0
1620662400000,128.54,128.705,126.81,126.86,40442951.0
1620676800000,126.85,127.9881,126.3,126.32,2439967.0
1621324800000,126.99,127.51,126.82,126.95,221777.0
1621339200000,126.95,127.19,125.91,126.275,25946537.0
1621353600000,126.2799,126.49,124.78,124.85,28333867.0
1621368000000,124.85,125.05,124.4,124.4,3519067.0
1621411200000,123.83,123.83,122.95,123.05,523914.0
1621425600000,123.52,125.162,122.85,123.9001,37727650.0
1621440000000,123.8901,124.915,123.5,124.69,40557257.0
1621454400000,124.69,124.82,124.22,124.3,5131837.0
1621497600000,124.91,125.22,124.09,125.03,222852.0
1621512000000,124.818,127.265,124.71,127.045,30137682.0
1621526400000,127.05,127.72,126.67,127.31,36443262.0
1621540800000,127.31,127.55,127.26,127.55,3582575.0
1621584000000,127.56,127.97,127.17,127.95,197359.0
1621598400000,127.61,128.24,125.7,125.755,36180099.0
1621612800000,125.75,126.09,125.21,125.43,34252886.0
1621627200000,125.43,125.45,125.2,125.31,2718960.0
1621843200000,125.86,126.5,125.72,126.12,197743.0
1621857600000,126.1499,127.68,125.9,127.54,29601344.0
1621872000000,127.5373,127.94,127.0,127.11,25077203.0
1621886400000,127.1,127.35,126.9999,127.29,1656315.0
1621929600000,127.99,128.0,127.6,127.89,137635.0
1621944000000,127.6701,128.32,126.665,126.8,31500753.0
1621958400000,126.8,127.07,126.32,126.94,24350947.0
1621972800000,126.9,127.19,126.65,127.11,2128426.0
1622016000000,127.27,127.44,127.03,127.27,117092.0
1622620800000,124.24,124.37,123.98,124.32,136887.0
1622635200000,124.21,125.24,124.11,124.985,26718008.0
1622649600000,124.99,125.169,124.05,125.09,25214943.0
1622664000000,125.06,125.16,124.9,125.08,2823265.0
1622707200000,124.88,124.89,123.84,124.07,357703.0
1622721600000,124.06,124.85,123.13,123.71,34786692.0
1622736000000,123.71,124.09,123.3,123.54,28476560.0
1622750400000,123.54,123.67,123.43,123.54,1858193.0
1622793600000,123.52,123.98,123.31,123.98,141518.0
1622808000000,123.7299,125.385,123.232,125.1,32493046.0
1622822400000,125.11,126.16,124.98,125.88,32192459.0
1622836800000,125.89,126.01,125.78,126.01,3233696.0
1623052800000,125.64,126.26,125.08,126.15,328292.0
1623067200000,126.0001,126.47,124.8321,125.005,31533530.0
1623081600000,125.005,126.03,124.91,125.9,31964285.0
1623096000000,125.9,126.1,125.301,125.96,1740712.0
1623139200000,126.1,126.85,125.84,126.83,323375.0
1623153600000,126.4101,128.46,126.2101,126.61,42982053.0
1623168000000,126.61,127.42,126.43,126.74,25304756.0
1623182400000,126.74,126.85,126.54,126.64,1617838.0
1623225600000,126.5,127.26,126.5,127.09,136623.0
1623240000000,127.19,127.75,126.424,126.95,24921158.0
1623254400000,126.94,127.3,126.74,127.16,22445608.0
1623268800000,127.13,127.13,126.88,126.98,1127274.0
1623312000000,126.82,127.0,126.36,126.73,185110.0
1623916800000,129.1,129.75,128.9,129.37,279021.0
1623931200000,129.3701,132.55,129.24,131.9382,41983653.0
1623945600000,131.94,132.255,130.95,131.78,41544314.0
1623960000000,131.79,132.09,130.8,132.04,2127173.0
1624003200000,131.99,131.99,131.44,131.6,198631.0
1624017600000,131.9699,131.99,130.29,130.69,47860480.0
1624032000000,130.69,131.22,130.24,130.4,31867667.0
1624046400000,130.46,130.77,130.15,130.2,8389413.0
1624262400000,130.77,131.3,130.21,130.61,235281.0
1624276800000,130.8499,131.7,129.21,131.61,33705776.0
1624291200000,131.62,132.41,131.61,132.3,29968237.0
1624305600000,132.3,132.45,132.11,132.45,5376064.0
1624348800000,131.65,132.63,131.39,132.5,173424.0
1624363200000,132.2101,132.83,131.62,132.45,27084180.0
1624377600000,132.46,134.08,132.4,133.97,34240402.0
1624392000000,133.98,134.1,132.8606,134.07,2995577.0
1624435200000,133.78,134.22,133.74,134.08,237635.0
1624449600000,134.0701,134.32,133.23,133.73,29724138.0
1624464000000,133.735,134.25,133.26,133.69,25253459.0
1624478400000,133.7,133.75,133.5,133.65,1260125.0
1624521600000,133.83,134.5,133.83,134.44,192529.0
1624536000000,134.25,134.7,133.366,133.995,28202121.0
1624550400000,134.0,134.08,132.93,133.4,30085993.0
1624564800000,133.41,133.47,133.29,133.34,3637911.0
1624608000000,133.33,133.72,133.01,133.32,132420.0
1625212800000,137.27,137.8,136.86,137.76,175766.0
1625227200000,137.35,139.13,136.927,138.9608,34249765.0
1625241600000,138.97,140.0,138.528,139.96,36813449.0
1625256000000,139.96,139.98,139.8,139.85,2199028.0
1625558400000,139.5,140.38,139.39,140.31,410220.0
1625572800000,139.9402,143.15,139.611,141.57,55635110.0
1625587200000,141.56,142.2,140.12,142.02,43081541.0
1625601600000,142.02,142.25,141.76,142.06,3970699.0
1625644800000,142.41,143.24,142.41,143.2,387712.0
1625659200000,142.9,144.5,142.66,143.91,53310502.0
1625673600000,143.91,144.89,143.56,144.59,40776271.0
1625688000000,144.57,144.86,144.53,144.76,4362816.0
1625731200000,142.52,143.43,141.39,141.75,1395521.0
1625745600000,142.48,143.15,140.665,142.6489,52221075.0
1625760000000,142.645,144.06,142.32,143.32,41311040.0
1625774400000,143.24,143.49,142.5322,143.0,2102504.0
1625817600000,143.24,143.89,142.55,143.03,372680.0
1625832000000,143.12,145.44,142.6,145.2319,48538240.0
1625846400000,145.2382,145.65,144.8,145.11,42464673.0
1625860800000,145.11,145.18,144.9,145.07,2352824.0
1626076800000,144.8,145.85,144.75,145.78,416863.0
1626091200000,145.4501,146.32,144.0,144.85,41724234.0
1626105600000,144.86,145.075,144.16,144.51,25410660.0
1626681600000,145.85,145.85,143.3,143.69,1275036.0
1626696000000,143.68,146.025,141.67,143.3557,58807528.0
1626710400000,143.34,143.4069,141.7,142.53,46720072.0
1626724800000,142.45,143.2,142.27,143.18,7739869.0
1626768000000,143.3,143.8,142.75,143.55,328062.0
1626782400000,143.56,145.66,142.96,145.6301,38869970.0
1626796800000,145.64,147.0997,145.54,146.1427,42287825.0
1626811200000,146.15,146.45,145.54,146.3399,5204700.0
1626854400000,146.38,146.58,145.52,145.75,268527.0
1626868800000,146.0499,146.2,144.63,145.4239,34060288.0
1626883200000,145.42,145.53,144.82,145.39,28675767.0
1626897600000,145.38,145.45,145.1285,145.35,6197330.0
1626940800000,145.64,145.9,145.51,145.68,183607.0
1626955200000,145.71,148.195,145.6,147.331,38658732.0
1626969600000,147.33,147.67,146.48,146.8,26615366.0
1626984000000,146.8,147.25,146.71,147.25,3022158.0
1627027200000,147.5,147.9,147.32,147.51,175421.0
1627041600000,147.7,148.27,146.92,148.1,30400169.0
1627056000000,148.1,148.7177,147.85,148.57,27805428.0
1627070400000,148.56,148.56,148.11,148.27,942649.0
1627286400000,148.35,148.51,147.4,148.35,348761.0
1627300800000,148.4,149.83,147.7,149.5,32582109.0
1627315200000,149.52,149.6299,148.7717,148.99,25200743.0
1627329600000,148.99,149.35,148.91,149.26,2575743.0
1627891200000,146.46,146.99,146.15,146.8,320914.0
1627905600000,146.44,146.95,145.25,146.0244,30159913.0
1627920000000,146.0257,146.2154,145.37,145.52,23633238.0
1627934400000,145.52,145.52,145.25,145.25,3782025.0
1627977600000,146.1,146.35,145.39,145.69,149077.0
1627992000000,145.6001,147.06,145.18,147.0101,29426246.0
1628006400000,147.0201,148.045,146.9492,147.34,28878188.0
1628020800000,147.36,147.48,147.01,147.1,1295899.0
1628064000000,147.0,147.68,147.0,147.09,97790.0
1628078400000,147.36,147.79,146.28,146.97,30047868.0
1628092800000,146.96,147.52,146.66,146.94,19672719.0
1628107200000,146.95,147.01,146.75,147.01,1690311.0
1628150400000,146.9,147.25,146.79,147.22,72717.0
1628164800000,147.0699,147.84,146.17,147.46,23409869.0
1628179200000,147.465,147.545,146.73,147.06,19114688.0
1628193600000,147.06,147.1,146.86,146.9,1069223.0
1628236800000,146.5,146.95,146.5,146.65,97462.0
1628251200000,146.6001,147.11,145.9,146.29,24428866.0
1628265600000,146.2891,146.33,145.63,146.14,20661168.0
1628280000000,146.08,146.14,145.9,145.96,2692310.0
1628496000000,145.98,146.09,145.74,146.03,92100.0
1628510400000,145.9001,146.7,145.52,146.1369,23948855.0
1628524800000,146.1398,146.18,145.785,146.09,17326609.0
1628539200000,146.09,146.18,145.95,146.02,4171842.0
1628582400000,146.22,149.0,145.96,146.57,278153.0
1628596800000,146.5001,147.71,145.395,145.62,32200258.0
1628611200000,145.625,146.0057,145.3,145.61,19609480.0
1629100800000,148.99,148.99,148.31,148.48,112024.0
1629115200000,148.55,150.59,146.47,148.325,49501038.0
1629129600000,148.3293,151.13,148.274,151.125,44490466.0
1629144000000,151.12,151.7,151.06,151.67,5092981.0
1629187200000,150.79,151.03,150.16,150.89,461062.0
1629201600000,150.8301,151.68,149.32,150.155,44361407.0
1629216000000,150.16,150.39,149.09,150.23,38361442.0
1629230400000,150.19,150.25,149.75,149.77,4040309.0
1629273600000,149.99,150.7,149.99,150.31,205917.0
1629288000000,150.3899,150.72,148.18,148.46,32781000.0
1629302400000,148.4493,148.93,146.15,146.36,44449150.0
1629316800000,146.36,146.54,145.98,146.36,1921966.0
1629360000000,145.66,145.66,144.24,144.75,688285.0
1629374400000,144.75,147.67,144.5,147.62,39982241.0
1629388800000,147.62,148.0,145.84,146.67,36779135.0
1629403200000,146.65,146.85,146.43,146.56,5667353.0
1629446400000,146.0,146.65,145.9,146.5,156506.0
1629460800000,146.5133,148.5,146.15,147.35,28539356.0
1629475200000,147.345,148.29,147.24,148.19,22202896.0
1629489600000,148.19,148.4,148.06,148.31,3412051.0
1629705600000,148.56,148.85,148.2,148.65,215795.0
1629720000000,148.69,149.94,147.82,149.8895,26831338.0
1629734400000,149.885,150.19,149.5788,149.7,24817682.0
1629748800000,149.71,149.77,149.5,149.73,3773689.0
1629792000000,150.0,150.21,149.41,149.53,230754.0
1630396800000,153.28,153.7,152.56,152.71,446232.0
1630411200000,152.8,152.93,151.29,152.115,33668873.0
1630425600000,152.12,152.8,151.55,151.83,31576676.0
1630440000000,151.83,151.95,151.76,151.91,6090293.0
1630483200000,152.34,152.59,151.84,152.53,221216.0
1630497600000,152.4302,154.98,151.451,154.5,40641476.0
1630512000000,154.5001,154.62,152.34,152.54,32985512.0
1630526400000,152.51,153.25,152.49,153.16,1553481.0
1630569600000,152.86,153.49,152.86,153.49,217876.0
1630584000000,153.49,154.72,152.129,153.585,30883660.0
1630598400000,153.58,153.825,152.4,153.71,33809451.0
1630612800000,153.65,153.77,153.5,153.59,1551040.0
1630656000000,153.77,154.3,153.77,154.18,150007.0
1630670400000,153.9,154.63,153.09,153.9815,29720126.0
1630684800000,153.99,154.45,153.765,154.31,23126153.0
1630699200000,154.3,154.38,154.17,154.29,1245206.0
1631001600000,154.6,154.77,154.19,154.68,301785.0
1631016000000,154.6,156.24,153.915,155.82,37832603.0
1631030400000,155.81,157.26,155.7301,156.7,37753164.0
1631044800000,156.69,156.91,156.3,156.76,2246213.0
1631088000000,156.45,157.07,156.0,156.97,225837.0
1631102400000,156.7499,157.19,153.975,154.3201,40527002.0
1631116800000,154.32,155.13,154.11,155.1199,26992373.0
1631131200000,155.11,155.14,154.93,155.0,2715183.0
1631174400000,154.98,155.16,154.39,155.13,154534.0
1631692800000,148.2,148.82,148.2,148.3,151695.0
1631707200000,148.41,149.09,146.37,147.26,36192138.0
1631721600000,147.25,149.44,147.12,149.09,34930687.0
1631736000000,149.03,149.1,148.5,148.97,3468415.0
1631779200000,148.97,148.98,148.44,148.55,99589.0
1631793600000,148.6465,148.97,147.221,147.7101,30849350.0
1631808000000,147.71,148.94,147.64,148.85,29384178.0
1631822400000,148.79,148.85,148.58,148.6,1967398.0
1631865600000,149.0,149.1,148.24,148.52,71695.0
1631880000000,148.57,149.3,146.18,146.4,54016003.0
1631894400000,146.4,146.96,145.76,146.03,44887129.0
1631908800000,146.06,146.09,145.75,145.76,11925897.0
1632124800000,144.96,144.96,143.55,143.73,1357333.0
1632139200000,143.73,144.84,142.48,142.5,47983205.0
1632153600000,142.497,143.12,141.27,142.97,58531523.0
1632168000000,142.94,143.11,142.67,142.99,7159142.0
1632211200000,144.72,144.8,144.04,144.31,486729.0
1632225600000,144.1999,144.6,142.78,143.975,37593772.0
1632240000000,143.97,144.3599,143.195,143.41,30261126.0
1632254400000,143.43,143.47,143.07,143.09,2660486.0
1632297600000,143.71,144.27,143.71,143.83,217662.0
1632312000000,144.0499,145.89,143.7001,145.53,27546565.0
1632326400000,145.52,146.43,144.75,145.83,39508154.0
1632340800000,145.85,146.25,145.8201,146.25,1982870.0
1632384000000,146.71,147.68,146.71,147.27,490366.0
1632988800000,144.0,144.13,143.25,143.45,117211.0
1633003200000,143.5497,144.378,141.9,142.11,32554051.0
1633017600000,142.12,143.06,141.28,141.32,45467906.0
1633032000000,141.5,141.98,141.43,141.76,2335755.0
1633075200000,140.72,142.3,140.53,142.0,695671.0
1633089600000,142.0,142.28,139.1101,140.3144,43842397.0
1633104000000,140.32,142.92,140.065,142.64,39086165.0
1633118400000,142.65,142.65,142.05,142.58,2924200.0
1633334400000,141.46,141.84,141.21,141.53,279159.0
1633348800000,141.5499,142.21,138.63,139.239,40749081.0
1633363200000,139.23,139.32,138.27,139.19,46876401.0
1633377600000,139.14,139.5,139.14,139.14,1767656.0
1633420800000,139.43,139.97,139.01,139.55,367441.0
1633435200000,139.56,141.5499,139.36,141.535,36568389.0
1633449600000,141.5301,142.24,140.91,141.1,33266330.0
1633464000000,141.11,141.25,140.75,140.85,4668806.0
1633507200000,139.48,139.5,138.68,139.45,516919.0
1633521600000,139.1296,141.1495,138.37,140.3901,39272912.0
1633536000000,140.39,142.15,139.56,141.97,35736981.0
1633550400000,142.0,142.77,141.86,142.49,2397953.0
1633593600000,143.25,143.85,142.92,143.7,394641.0
1633608000000,143.71,144.215,142.72,144.12,30264684.0
1633622400000,144.13,144.17,143.0,143.28,25408333.0
1633636800000,143.24,143.59,142.98,143.55,1194364.0
1634284800000,143.91,144.38,143.89,144.18,191601.0
1634299200000,144.1699,144.69,143.401,143.735,31184760.0
1634313600000,143.7301,144.895,143.67,144.83,28085732.0
1634328000000,144.84,144.97,144.7,144.95,2818559.0
1634544000000,144.39,144.87,144.0,144.64,180650.0
1634558400000,144.6,145.52,143.16,145.3901,36492195.0
1634572800000,145.4,146.84,144.96,146.54,35250130.0
1634587200000,146.55,146.85,146.55,146.79,5100704.0
1634630400000,146.79,147.63,146.79,147.4,257643.0
1634644800000,147.4,149.17,146.55,148.52,41932419.0
1634659200000,148.52,149.045,148.26,148.78,26720832.0
1634673600000,148.76,148.86,148.53,148.6,2914556.0
1634716800000,148.58,148.76,148.43,148.53,152121.0
1634731200000,148.53,149.7539,148.46,149.6721,29061145.0
1634745600000,149.675,149.7,148.12,149.345,24595427.0
1634760000000,149.26,149.38,148.82,148.88,1137839.0
1634803200000,148.92,148.99,148.61,148.65,137542.0
1634817600000,148.6799,149.62,148.6,149.273,21245514.0
1634832000000,149.2799,149.64,147.87,149.46,29562133.0
1634846400000,149.48,149.99,149.06,149.15,1650163.0
1634889600000,149.23,150.1,149.13,149.72,253797.0
1634904000000,149.9799,150.18,148.64,148.95,28167228.0
1634918400000,148.945,149.6716,148.64,148.69,25323601.0
1634932800000,148.69,148.7,148.41,148.46,1939366.0
1635148800000,148.5,148.85,148.11,148.56,163108.0
1635753600000,149.95,150.15,149.5,149.66,380626.0
1635768000000,149.72,149.85,147.8,148.89,37095114.0
1635782400000,148.9,149.025,148.27,148.97,27329286.0
1635796800000,148.96,148.96,148.27,148.44,3078458.0
1635840000000,148.67,148.95,148.55,148.59,171516.0
1635854400000,148.77,151.57,148.46,150.9401,33953074.0
1635868800000,150.94,151.48,149.82,150.0,27469579.0
1635883200000,149.99,150.04,149.8,149.85,1152831.0
1635926400000,150.05,150.39,149.98,150.23,102447.0
1635940800000,149.95,150.97,149.82,150.515,18486531.0
1635955200000,150.51,151.97,150.19,151.49,26152044.0
1635969600000,151.49,152.0,151.38,151.77,3013968.0
1636012800000,152.0,152.0,151.5,151.82,195323.0
1636027200000,151.7708,152.43,150.84,151.37,26758931.0
1636041600000,151.37,151.67,150.64,150.96,23457738.0
1636056000000,150.96,151.08,150.84,150.95,1931571.0
1636099200000,150.94,151.43,150.55,151.11,156138.0
1636113600000,151.2304,152.2,150.364,150.9126,27100374.0
1636128000000,150.91,151.46,150.06,151.27,27413855.0
1636142400000,151.28,151.28,150.45,151.05,2660060.0
1636358400000,151.08,151.58,151.08,151.57,65422.0
1636372800000,151.47,151.65,150.7,150.7602,19609404.0
1636387200000,150.76,151.01,150.16,150.665,16930302.0
1636401600000,150.665,150.665,150.28,150.28,7871643.0
1636416000000,150.27,150.3,149.75,149.85,137466.0
1636444800000,150.03,150.33,150.0,150.03,59864.0
1636459200000,150.03,151.428,149.84,150.865,21287822.0
1636966800000,150.0,150.5,149.76,150.42,146303.0
1636981200000,150.1801,151.88,149.43,149.7799,25830446.0
1636995600000,149.77,150.26,149.54,150.0,20189168.0
1637010000000,150.0,150.1,149.89,150.01,4306960.0
1637053200000,149.92,150.24,149.57,150.13,103490.0
1637067600000,150.08,151.37,149.34,151.17,25809511.0
1637082000000,151.18,151.488,150.805,151.0,20864567.0
1637096400000,151.0,151.24,150.63,151.0,3657290.0
1637139600000,150.99,151.27,150.92,151.06,126520.0
1637154000000,151.0363,155.0,150.623,154.985,42165184.0
1637168400000,154.985,155.0,153.34,153.65,37936199.0
1637182800000,153.57,153.72,153.21,153.68,3271539.0
1637226000000,153.71,154.4,153.71,153.75,190655.0
1637240400000,153.9,154.87,153.05,154.63,42769611.0
1637254800000,154.63,158.67,154.54,157.89,82494431.0
1637269200000,157.87,158.28,157.58,157.73,2965387.0
1637312400000,158.5,158.62,157.27,157.43,650823.0
1637326800000,157.4,160.17,156.5328,159.87,55193343.0
1637341200000,159.86,161.02,159.69,160.56,51132747.0
1637355600000,160.55,161.0,160.52,160.99,5188168.0
1637571600000,161.15,161.67,160.8,161.52,419503.0
1637586000000,161.47,165.7,161.08,163.54,67266986.0
1637600400000,163.5201,164.38,161.0,161.08,41895046.0
1637614800000,161.02,161.5,160.52,161.5,2771065.0
1638176400000,158.11,159.22,157.4,159.13,494626.0
1638190800000,158.75,160.58,158.52,160.36,39171490.0
1638205200000,160.3643,161.19,159.98,160.23,38582900.0
1638219600000,160.1,160.63,160.1,160.63,2008822.0
1638262800000,159.24,159.58,158.5,159.11,433230.0
1638277200000,159.1999,164.58,158.75,162.53,67651084.0
1638291600000,162.53,165.52,162.035,165.43,70446844.0
1638306000000,165.3,166.64,165.26,166.35,12061996.0
1638349200000,167.2,168.65,166.95,168.5,676839.0
1638363600000,168.29,170.2,164.887,169.2613,67557961.0
1638378000000,169.27,170.3,164.53,164.67,70294673.0
1638392400000,164.77,166.3,164.02,166.0,3975898.0
1638435600000,163.2,163.45,159.4,159.96,1858490.0
1638450000000,159.7801,164.359,157.8,162.375,68898919.0
1638464400000,162.37,164.2,162.0801,163.79,54399187.0
1638478800000,163.76,164.18,162.12,162.28,3094896.0
1638522000000,162.53,163.79,162.0,163.76,263101.0
1638536400000,163.17,165.4,160.795,161.025,51044294.0
1638550800000,161.01,162.41,159.72,161.84,52136584.0
1638565200000,161.84,162.21,161.2,161.25,3583493.0
1638781200000,163.29,164.25,161.84,163.51,798791.0
1638795600000,162.3102,167.8799,161.436,165.61,56075980.0
1639472400000,177.27,177.84,175.74,176.95,988558.0
1639486800000,176.64,177.74,172.39,173.255,60532003.0
1639501200000,173.24,175.61,172.21,174.34,50342287.0
1639515600000,174.33,174.5,173.75,174.44,13611956.0
1639558800000,174.7,175.19,173.34,174.57,393439.0
1639573200000,175.14,175.8494,172.42,172.44,36995537.0
1639587600000,172.43,179.5,172.3108,179.3,75188164.0
1639602000000,179.3,180.3,179.24,179.72,6198312.0
1639645200000,180.55,181.25,180.01,180.18,659438.0
1639659600000,180.7,181.14,174.24,174.79,62492796.0
1639674000000,174.78,175.32,170.75,172.25,74511945.0
1639688400000,172.26,172.57,171.02,172.12,2239538.0
1639731600000,171.66,171.66,169.14,169.4,681782.0
1639746000000,170.6906,173.47,169.13,171.03,74201164.0
1639760400000,171.0,173.09,169.86,170.97,60078849.0
1639774800000,171.14,172.26,171.1,171.89,12844684.0
1639990800000,167.98,168.79,167.05,167.81,631923.0
1640005200000,168.4999,169.95,167.46,169.5421,46264436.0
1640019600000,169.535,170.58,168.82,169.88,44518924.0
1640034000000,169.75,171.38,169.5,171.04,8013894.0
1640077200000,171.84,172.33,170.64,172.15,378699.0
1640091600000,171.5201,172.5,169.12,170.735,37623397.0
1640768400000,179.85,180.1,179.2,179.42,199452.0
1640782800000,179.4399,180.63,178.14,179.075,31389377.0
1640797200000,179.0769,179.8,178.675,179.38,24228166.0
1640811600000,179.38,179.52,178.87,178.88,1682823.0
1640854800000,179.4,180.0,179.36,179.68,157197.0
1640869200000,179.6899,180.57,178.89,179.805,27904516.0
1640883600000,179.8,179.96,178.09,178.25,27735374.0
1640898000000,178.2,178.38,177.12,177.65,1532294.0
1640941200000,177.98,178.24,177.71,178.03,57248.0
1640955600000,177.8902,179.23,177.32,177.705,21624752.0
1640970000000,177.71,178.27,177.26,177.61,31387521.0
1640984400000,177.57,177.8,177.45,177.7,2168349.0
1641200400000,178.26,178.5,177.76,178.22,249004.0
1641214800000,178.37,181.77,177.5,181.47,41574727.0
1641229200000,181.47,182.88,181.075,182.0,41602081.0
1641243600000,182.01,182.3,181.7,181.99,12193997.0
1641286800000,182.22,183.38,182.1,182.75,387336.0
1641301200000,183.0499,183.13,179.47,179.815,46672226.0
1641315600000,179.815,180.5,179.12,179.69,36321246.0
1641330000000,179.7,179.75,179.25,179.33,3276157.0
1641373200000,179.52,180.24,179.13,179.26,165240.0
1641387600000,179.34,180.17,177.56,178.81,28932152.0
1641402000000,178.801,179.25,174.64,174.835,52874181.0
1641416400000,174.88,179.7958,174.08,175.07,4214574.0
1641459600000,174.78,175.08,172.87,173.13,611030.0
1642064400000,175.3,175.62,174.42,175.35,134131.0
1642078800000,175.09,176.62,174.53,175.365,31362815.0
1642093200000,175.36,175.545,171.79,172.32,40466027.0
1642107600000,172.28,172.6,171.95,172.1,5189986.0
1642150800000,172.2,172.94,170.32,170.4,332061.0
1642165200000,172.0046,173.78,170.3,172.705,34249267.0
1642179600000,172.71,173.28,171.09,173.07,32136773.0
1642194000000,173.07,173.38,173.02,173.3,3219664.0
1642496400000,170.85,170.89,169.62,170.6,481491.0
1642510800000,170.4171,173.07,170.0,171.1244,35280782.0
1642525200000,171.14,171.28,169.405,169.83,39685145.0
1642539600000,169.8,170.25,169.3101,169.3101,5104890.0
1642582800000,169.3,170.5,169.3,170.24,198822.0
1642597200000,170.3001,171.08,167.32,168.33,39209235.0
1642611600000,168.33,169.62,165.94,166.21,42906113.0
1642626000000,166.23,166.23,165.01,165.72,6223083.0
1642669200000,166.53,167.47,166.2,166.88,315464.0
1642683600000,167.2501,169.68,165.815,169.11,33098393.0
1642698000000,169.11,169.25,164.18,164.52,45689697.0
1642712400000,164.51,167.4329,162.25,163.05,7803395.0
1642755600000,163.52,164.5,162.65,163.03,649763.0
1642770000000,163.46,166.33,162.73,164.44,55851702.0
1642784400000,164.42,164.78,162.3,162.41,53942842.0
1643360400000,167.8,167.8,162.8,163.39,1944941.0
1643374800000,165.4501,168.77,161.86,168.77,82150404.0
1643389200000,168.77,170.35,166.52,170.3499,74781471.0
1643403600000,170.33,170.82,169.95,170.7,4012995.0
1643619600000,170.7,172.01,169.63,170.3,790463.0
1643634000000,170.55,173.62,169.51,173.295,49933653.0
1643648400000,173.3,175.0,172.35,174.8,47189159.0
1643662800000,174.78,174.96,174.05,174.4,4082564.0
1643706000000,174.5,175.38,174.02,175.05,414591.0
1643720400000,174.4999,175.31,172.31,174.21,37702655.0
1643734800000,174.205,174.84,172.51,174.61,34238998.0
1643749200000,174.57,174.98,173.95,174.45,6270860.0
1643792400000,174.19,175.32,174.11,175.11,385194.0
1643806800000,174.9033,175.56,173.33,174.365,33653414.0
1643821200000,174.3638,175.88,174.06,175.83,32322167.0
1643835600000,175.84,175.84,173.45,173.75,8033468.0
1643878800000,173.9,175.0,173.46,174.21,476529.0
1643893200000,173.9789,176.2399,173.23,174.58,33689159.0
1643907600000,174.57,176.03,172.12,173.0,37896421.0
1643922000000,172.9,174.41,172.79,174.17,5647410.0
1643965200000,174.38,174.38,171.49,173.11,482922.0
1643979600000,172.8601,173.18,170.02,172.053,35339377.0
1644829200000,168.2,168.4,165.25,168.01,810553.0
1644843600000,166.22,169.2,165.92,168.875,30487190.0
1644858000000,168.88,169.58,166.56,169.13,38294798.0
1644872400000,168.88,169.19,168.6,168.87,4645350.0
1644915600000,168.9,172.16,168.9,171.81,334917.0
1644930000000,171.93,172.03,168.88,171.521,24320218.0
1644944400000,171.52,172.95,170.34,172.8,30075245.0
1644958800000,172.79,172.96,171.88,171.9,2462768.0
1645002000000,173.05,173.2,171.95,172.0,142682.0
1645016400000,172.6899,173.221,170.05,171.105,23462168.0
1645030800000,171.1,173.34,170.18,172.55,29252198.0
1645045200000,172.55,172.63,172.0,172.17,3643929.0
1645088400000,172.0,172.0,171.29,171.9,94474.0
1645102800000,171.7701,172.55,170.74,171.2,25304306.0
1645117200000,171.205,171.2614,168.47,168.92,32867183.0
1645131600000,168.88,171.580464,168.52,168.84,3126185.0
1645174800000,169.84,170.1,169.58,169.9,121314.0
1645189200000,169.9899,170.99,167.21,167.3,30054596.0
1645203600000,167.29,168.66,166.19,167.6,41688806.0
1645218000000,167.42,167.56,166.3,166.5,3202907.0
1645520400000,166.0,166.6,162.24,166.18,597365.0
1645534800000,165.5109,167.718,160.0,164.695,37043295.0
1645549200000,164.68,165.3586,162.15,164.3,42751894.0
1645563600000,164.32,165.47,164.32,165.45,4204659.0
1645606800000,166.0,166.24,165.08,165.94,191552.0
1646038800000,163.18,163.8,161.36,162.98,406507.0
1646053200000,162.9,165.42,161.1,164.96,33289791.0
1646067600000,164.96,165.4,162.43,165.13,41056356.0
1646082000000,165.12,165.37,164.6,164.8,3797933.0
1646125200000,164.74,165.01,163.2,163.95,196605.0
1646139600000,163.95,166.6,163.31,163.58,37050612.0
1646154000000,163.585,164.4,161.97,163.18,38243298.0
1646168400000,163.2,163.97,163.2,163.74,1409486.0
1646211600000,165.0,165.0,162.56,163.9,192733.0
1646226000000,164.5199,166.47,162.95,165.89,35549576.0
1646240400000,165.88,167.36,165.71,166.54,33872107.0
1646254800000,166.56,166.56,165.95,166.36,1522506.0
1646298000000,166.35,166.79,165.92,166.53,111815.0
1646312400000,166.77,168.91,165.73,166.83,32418987.0
1646326800000,166.82,167.9276,165.55,166.2882,34652049.0
1646341200000,166.23,166.42,162.09,162.95,3671556.0
1646384400000,163.72,165.24,163.72,164.72,267417.0
1646398800000,164.5001,165.9,162.1,162.76,34690594.0
1646413200000,162.76,164.465,162.13,163.22,40076415.0
1646427600000,163.17,164.07,162.87,162.97,1544470.0
1646643600000,161.78,162.3,159.6,161.86,465255.0
1646658000000,162.01,165.02,161.05,163.0675,36157248.0
1646672400000,163.06,163.08,159.04,159.31,45488069.0
1646686800000,159.31,159.52,158.02,158.75,4355616.0
1646730000000,160.18,160.72,159.06,159.25,424572.0
1647244800000,154.0,155.6,152.0,152.15,1085102.0
1647259200000,154.309,156.1,151.06,152.485,41470189.0
1647273600000,152.475,152.53,150.1,150.64,52788526.0
1647288000000,150.64,151.0,150.17,150.9,4811529.0
1647331200000,149.4,150.9,148.93,150.26,509812.0
1647345600000,150.4518,154.22,150.01,153.3383,37206457.0
1647360000000,153.33,155.57,152.83,155.16,40563064.0
1647374400000,155.09,155.15,154.59,155.0,3409488.0
1647417600000,156.7,158.38,156.23,158.29,662772.0
1647432000000,157.6501,158.64,155.53,158.0869,35608123.0
1647446400000,158.09,160.0,154.46,159.59,51049517.0
1647460800000,159.6,160.2,159.05,159.25,4418368.0
1647504000000,159.83,160.1,158.23,158.89,239343.0
1647518400000,159.0301,160.0,157.63,158.58,28251740.0
1647532800000,158.6,161.0,158.33,160.99,35279936.0
1647547200000,160.62,160.9,159.6,159.81,2677948.0
1647590400000,159.89,160.07,159.32,159.49,159732.0
1647604800000,159.5301,162.51,159.04,162.34,46972656.0
1647619200000,162.34,164.48,162.09,163.96,44572821.0
1647633600000,163.96,164.52,163.9,164.34,5084205.0
1647849600000,164.0,164.33,163.0,164.05,175507.0
1647864000000,163.74,166.35,163.0,166.25,39115445.0
1647878400000,166.25,166.31,163.16,165.38,37424511.0
1648540800000,175.79,176.56,175.6,176.36,393801.0
1648555200000,176.1501,178.13,174.49,177.48,41630304.0
1648569600000,177.488,179.01,176.72,179.0,41996160.0
1648584000000,178.96,178.96,178.5,178.75,5096066.0
1648627200000,178.5,178.5,177.66,178.28,273680.0
1648641600000,178.32,179.61,177.4686,177.8,39871350.0
1648656000000,177.79,179.35,176.7,177.725,39236359.0
1648670400000,177.77,178.05,177.42,178.02,4705981.0
1648713600000,178.4,179.01,177.75,178.21,198665.0
1648728000000,177.9604,178.89,175.529,177.09,31765358.0
1648742400000,177.095,177.25,174.4,174.68,45258296.0
1648756800000,174.61,175.1,174.61,174.86,9244390.0
1648800000000,175.25,175.88,174.69,174.82,362618.0
1648814400000,175.49,175.52,171.94,172.2,33384351.0
1648828800000,172.19,174.645,172.07,174.26,33622388.0
1648843200000,174.31,174.41,173.9,174.0,4756423.0
1649059200000,174.18,175.15,173.8,174.83,131943.0
1649073600000,174.8,178.21,173.875,177.245,35492765.0
1649088000000,177.25,178.49,176.92,178.465,32999778.0
1649102400000,178.44,178.55,178.14,178.36,2137065.0
1649145600000,178.66,178.66,177.7,178.36,193974.0
1649160000000,177.9534,178.5,175.68,175.69,31960920.0
1649174400000,175.69,176.12,174.415,175.04,31798007.0
1649188800000,175.06,175.5,174.88,175.0,3626105.0
1649232000000,175.0,175.0,172.29,172.38,371534.0
1649836800000,168.7,169.22,168.03,168.12,229886.0
1649851200000,169.0,170.215,166.77,169.8052,30539646.0
1649865600000,169.8,171.04,169.6001,170.4,32991877.0
1649880000000,170.39,170.41,170.1,170.4,928670.0
1649923200000,170.52,170.7,170.0,170.13,155736.0
1649937600000,170.2299,171.27,167.35,167.46,28802608.0
1649952000000,167.45,167.8481,165.04,165.28,34731350.0
1649966400000,165.28,165.48,165.0,165.0,3321759.0
1650268800000,165.0,165.0,163.0,164.49,160125.0
1650283200000,164.5203,166.5984,163.57,164.745,30817194.0
1650297600000,164.745,165.8296,163.69,165.11,30100804.0
1650312000000,165.07,166.35,165.07,166.22,2594304.0
1650355200000,165.5,165.61,164.1,165.3,138048.0
1650369600000,165.0,167.45,163.91,166.9955,27574837.0
1650384000000,167.0,167.82,165.855,167.46,29089589.0
1650398400000,167.4,167.46,165.92,166.34,4102056.0
1650441600000,166.8,169.15,166.31,169.0,309438.0
1650456000000,167.847,169.15,166.46,166.7761,28374488.0
1650470400000,166.765,168.08,166.1,167.23,32206398.0
1650484800000,167.23,167.99,167.18,167.93,1309807.0
1650528000000,168.3,169.25,168.28,169.13,219913.0
1650542400000,168.78,171.53,168.14,169.93,39107186.0
1650556800000,169.94,170.44,165.91,166.34,40232219.0
1650571200000,166.42,166.77,165.92,165.92,2215129.0
1650614400000,166.52,167.24,165.54,166.96,196498.0
1651132800000,159.31,160.9,159.12,160.2,459535.0
1651147200000,160.1999,162.51,158.8012,160.51,50874027.0
1651161600000,160.5,164.515,160.47,164.01,53280126.0
1651176000000,163.64,169.99,153.5,160.01,17573351.0
1651219200000,161.0,161.56,158.97,160.73,980124.0
1651233600000,159.35,166.2,159.01,161.54,55635883.0
1651248000000,161.5309,161.64,157.25,157.71,54061497.0
1651262400000,157.65,158.15,157.31,157.93,7217999.0
1651478400000,158.6,158.8,156.2,156.33,466247.0
1651492800000,158.0801,158.87,154.59,155.845,53858390.0
1651507200000,155.84,158.23,153.27,157.96,58426963.0
1651521600000,157.89,158.3,156.95,157.91,2676303.0
1651564800000,158.1,158.71,157.01,158.1,174208.0
1651579200000,157.4,159.85,156.32,159.3441,37300097.0
1651593600000,159.34,160.71,158.22,159.48,42792317.0
1651608000000,159.48,160.17,159.28,159.68,1503315.0
1651651200000,159.88,160.16,159.22,159.81,108905.0
1651665600000,159.9452,161.32,159.25,160.7789,35861231.0
1651680000000,160.77,166.48,159.66,166.14,64490493.0
1651694400000,166.02,166.15,160.1493,165.77,1378591.0
1651737600000,164.39,165.33,164.08,164.84,192243.0
1651752000000,164.8,165.79,157.71,157.73,46662678.0
1651766400000,157.73,158.52,154.95,156.81,69082027.0
1652428800000,144.5,145.71,144.5,145.55,592855.0
1652443200000,144.8501,147.84,142.56,147.0391,49872528.0
1652457600000,147.06,148.105,144.8,147.13,52757116.0
1652472000000,147.11,147.3,146.6421,147.28,2516280.0
1652688000000,146.68,146.68,145.66,146.39,197614.0
1652702400000,146.18,147.39,144.18,146.65,37475388.0
1652716800000,146.65,147.5199,145.0,145.54,38902284.0
1652731200000,145.54,146.01,145.06,146.01,4626315.0
1652774400000,146.82,148.74,146.61,148.05,592302.0
1652788800000,147.81,149.34,146.68,147.9906,31048818.0
1652803200000,148.0,149.77,147.3003,149.24,36634591.0
1652817600000,149.24,149.62,149.0999,149.24,3131654.0
1652860800000,148.79,148.85,147.38,147.55,235150.0
1652875200000,148.27,149.19,142.76,142.76,36895901.0
1652889600000,142.775,143.69,139.9,140.82,58216913.0
1652904000000,140.83,141.2,140.0,140.2,2557078.0
1652947200000,140.18,140.5,138.56,140.35,554559.0
1652961600000,139.7542,141.66,137.84,139.44,62873482.0
1652976000000,139.445,140.04,136.6,137.31,64139921.0
1652990400000,137.34,138.33,137.12,138.3,2858336.0
1653033600000,139.02,140.1,138.32,139.6,478209.0
1653048000000,139.05,140.7,136.32,136.77,48675591.0
1653062400000,136.78,137.89,132.61,137.62,76188934.0
1653984000000,150.0,151.0,148.73,149.5,371637.0
1653998400000,149.44,150.69,146.84,149.973,35222197.0
1654012800000,149.9796,150.66,148.73,148.84,41232195.0
1654027200000,148.84,149.6,148.5,149.5,9242912.0
1654070400000,148.95,149.48,148.35,149.27,186807.0
1654084800000,148.75,151.74,147.91,148.24,35914335.0
1654099200000,148.2309,149.99,147.68,148.7,31885402.0
1654113600000,148.71,148.79,147.9,148.01,1817137.0
1654156800000,148.57,149.7,148.57,149.41,187960.0
1654171200000,149.4,149.9399,146.86,149.4412,33550540.0
1654185600000,149.45,151.27,149.3512,151.23,30639301.0
1654200000000,151.21,151.6,150.8,151.55,1461841.0
1654243200000,150.7,150.7,147.58,147.71,761862.0
1654257600000,148.7,151.0,144.46,145.1316,42488913.0
1654272000000,145.13,146.3442,144.81,145.39,36585191.0
1654286400000,145.38,145.64,145.1,145.2,1826022.0
1654502400000,146.19,148.0,146.19,147.4,296682.0
1654516800000,147.43,148.5689,146.01,146.52,31006393.0
1654531200000,146.52,146.89,144.9,146.14,34227547.0
1654545600000,146.14,146.54,146.03,146.5,3251305.0
1654588800000,145.88,145.88,143.95,144.16,391430.0
1654603200000,145.1,148.3,143.8,147.57,32266506.0
1654617600000,147.565,149.0,147.09,148.69,27754463.0
1654632000000,148.68,148.71,148.2,148.22,1669343.0
1654675200000,147.85,148.94,147.85,148.45,158427.0
1655107200000,134.98,135.98,132.53,132.69,1107775.0
1655121600000,133.69,135.2,132.54,133.73,51128190.0
1655136000000,133.73,135.0569,131.44,131.88,54874182.0
1655150400000,131.88,132.87,131.88,132.4,3054266.0
1655193600000,133.01,134.0,132.35,132.4,248113.0
1655208000000,132.8299,134.47,131.48,132.81,36273520.0
1655222400000,132.81,133.89,131.71,132.86,37907473.0
1655236800000,132.76,133.9,132.62,133.79,2740649.0
1655280000000,133.46,134.21,133.26,134.17,246735.0
1655294400000,133.476,134.74,132.429,134.42,28100345.0
1655308800000,134.425,137.34,132.16,135.42,52005796.0
1655323200000,135.43,136.69,134.62,136.5,1809751.0
1655366400000,133.0,133.0,131.2,132.3,687960.0
1655380800000,131.8399,134.75,129.89,130.89,40177776.0
1655395200000,130.89,131.53,129.04,130.1,51941072.0
1655409600000,130.1,131.195,130.05,130.53,3522525.0
1655452800000,131.01,131.99,130.92,131.36,280034.0
1655467200000,131.3999,132.83,129.76,131.3465,53222131.0
1655481600000,131.35,133.079,131.0428,131.42,44391670.0
1655496000000,131.56,131.7,131.35,131.56,14629944.0
1655798400000,132.51,135.99,132.51,133.44,487312.0
1655812800000,134.2,137.06,131.232,135.99,37968354.0
1655827200000,135.995,136.41,135.47,135.86,29398430.0
1656316800000,142.0,143.03,142.0,142.79,376376.0
1656331200000,142.5588,143.49,141.29,143.035,28295091.0
1656345600000,143.0474,143.07,140.965,141.71,26484697.0
1656360000000,141.72,142.087,141.53,141.98,4983676.0
1656403200000,142.01,142.65,141.59,142.4,183174.0
1656417600000,142.42,143.422,138.835,139.0509,26804949.0
1656432000000,139.06,139.43,137.325,137.44,30436239.0
1656446400000,137.49,137.8,137.3,137.71,1110830.0
1656489600000,137.44,138.0,136.87,137.6,178685.0
1656504000000,137.09,140.67,136.67,140.0,29803880.0
1656518400000,139.99,140.18,138.695,139.25,30423321.0
1656532800000,139.2,139.49,138.9999,139.14,1227261.0
1656576000000,138.11,139.1,136.5,136.73,302207.0
1656590400000,136.8,137.82,133.7737,137.385,38119174.0
1656604800000,137.385,138.37,135.7,136.76,40939859.0
1656619200000,136.84,137.15,136.2,136.73,3543642.0
1656662400000,135.76,136.59,135.32,135.65,292386.0
1656676800000,136.08,138.32,135.45,136.35,30645246.0
1656691200000,136.355,139.04,136.0718,138.94,31133602.0
1656705600000,138.93,139.23,138.85,139.02,2361311.0
1657008000000,139.02,140.22,137.83,137.89,274714.0
1657022400000,138.43,139.73,136.93,139.331,29060884.0
1657036800000,139.33,141.61,138.87,141.59,32659672.0
1657051200000,141.61,141.78,141.32,141.37,4630859.0
1657094400000,141.9,142.0,140.45,140.62,204321.0
1657612800000,143.98,145.59,143.42,144.95,226361.0
1657627200000,144.61,148.175,143.52,147.8001,34209741.0
1657641600000,147.8,148.45,145.05,145.86,34885535.0
1657656000000,145.88,146.0,145.62,145.8,1487659.0
1657699200000,146.09,146.59,145.98,146.5,104708.0
1657713600000,146.4,147.8,142.1201,145.22,35709291.0
1657728000000,145.22,146.45,145.15,145.45,26950454.0
1657742400000,145.52,145.69,144.3,144.35,1866678.0
1657785600000,144.49,144.97,143.68,144.12,228946.0
1657800000000,144.2,147.17,143.25,147.1509,33342744.0
1657814400000,147.155,148.95,146.1001,148.48,37554950.0
1657828800000,148.47,149.4,148.31,149.37,1656002.0
1657872000000,148.3,149.09,148.25,148.59,154575.0
1657886400000,148.86,150.86,148.0,148.791,33855766.0
1657900800000,148.79,150.25,148.2,150.17,31489221.0
1657915200000,150.14,150.27,149.78,150.03,2232384.0
1658131200000,150.61,151.9,150.61,151.45,258056.0
1658145600000,151.5499,151.7,150.27,151.405,25539233.0
1658160000000,151.41,151.41,146.7,147.13,45302162.0
1658174400000,147.07,147.18,146.3,146.9,4748329.0
1658217600000,147.24,148.0,146.85,147.53,326331.0
1658232000000,147.63,150.22,146.703,149.81,33717068.0
1658246400000,149.805,151.23,149.3586,150.97,35230532.0
1658260800000,151.0,152.11,150.93,151.8,2745414.0
1658304000000,151.6,151.62,150.6,151.41,237997.0
1658908800000,152.9,153.45,152.67,152.72,167586.0
1658923200000,152.92,154.8,151.221,154.1599,26250579.0
1658937600000,154.16,157.33,153.91,156.71,39122926.0
1658952000000,156.79,156.79,155.71,156.5,2971017.0
1658995200000,155.39,156.19,155.3,155.96,203119.0
1659009600000,156.12,157.49,154.41,156.895,27485337.0
1659024000000,156.8955,157.64,156.16,157.3,34245305.0
1659038400000,157.35,164.01,155.85,162.02,14278396.0
1659081600000,162.03,162.03,160.32,161.8,733676.0
1659096000000,161.2387,163.63,159.5,162.14,51096067.0
1659110400000,162.135,163.18,161.73,162.57,33688524.0
1659124800000,162.58,162.58,162.06,162.15,3581498.0
1659340800000,161.98,162.3,161.79,162.06,176136.0
1659355200000,162.09,163.59,160.85,163.16,28745389.0
1659369600000,163.19,163.2382,160.89,161.57,27099418.0
1659384000000,161.51,161.77,161.31,161.4,6593376.0
1659427200000,161.28,161.28,159.55,160.2,257638.0
1659441600000,160.05,161.725,159.63,161.16,23912540.0
1659456000000,161.17,162.41,159.93,159.99,28163885.0
1659470400000,159.98,160.35,159.8,160.0,4062302.0
1659513600000,160.28,161.31,159.84,161.21,165456.0
1659528000000,160.9443,165.185,159.61,165.0758,34097990.0
1659542400000,165.08,166.59,164.455,166.1299,38515428.0
1659556800000,166.13,166.13,165.63,165.84,2457896.0
1660204800000,169.0,169.8,169.0,169.75,165915.0
1660219200000,169.1277,170.99,168.97,169.23,27507779.0
1660233600000,169.22,169.755,168.19,168.52,22001059.0
1660248000000,168.49,168.94,168.33,168.78,3503991.0
1660291200000,168.81,169.69,168.72,169.0,145231.0
1660305600000,168.99,171.11,168.069,170.9203,30271771.0
1660320000000,170.93,172.17,170.81,172.15,28679437.0
1660334400000,172.1,172.17,171.7,171.9,1480646.0
1660550400000,171.37,171.68,170.75,171.37,170976.0
1660564800000,171.4,173.25,170.9,173.025,25302383.0
1660579200000,173.03,173.39,172.75,173.19,22044368.0
1660593600000,173.19,173.2,172.92,173.15,2430627.0
1660636800000,172.86,173.19,172.68,173.08,165572.0
1660651200000,172.87,173.49,171.6618,173.34,25540702.0
1660665600000,173.34,173.71,171.83,173.03,24641571.0
1660680000000,173.02,174.09,172.94,173.7,2155882.0
1660723200000,173.8,173.8,172.12,172.42,309704.0
1660737600000,172.6,174.45,172.13,173.3399,30495106.0
1660752000000,173.34,176.15,173.27,174.62,42293576.0
1660766400000,174.55,174.8,173.2,173.2,1905726.0
1660809600000,173.81,174.25,173.25,174.13,253859.0
1660824000000,173.91,174.72,172.52,174.3501,26205129.0
1660838400000,174.37,174.9,173.56,174.18,30565426.0
1660852800000,174.11,174.25,173.85,174.11,1327871.0
1660896000000,173.6,173.6,172.2,172.59,358131.0
1661500800000,170.0,170.0,169.24,169.86,144371.0
1661515200000,169.51,171.13,166.3718,166.8427,27249024.0
1661529600000,166.85,166.86,163.56,163.66,36072520.0
1661544000000,163.62,163.71,162.3,162.47,3684338.0
1661760000000,161.98,162.04,160.3,161.38,378948.0
1661774400000,161.5818,163.62,159.82,161.22,35810071.0
1661788800000,161.22,162.61,160.935,161.37,28769042.0
1661803200000,161.38,161.8,161.06,161.79,3886734.0
1661846400000,161.82,163.34,161.82,162.67,229077.0
1661860800000,162.67,163.11,158.2249,159.2,33475926.0
1661875200000,159.2,159.66,157.72,158.91,34691935.0
1661889600000,158.91,159.3,158.85,158.97,5066069.0
1661932800000,159.91,160.35,159.3,159.72,261115.0
1661947200000,159.7,160.76,158.405,159.6001,27630584.0
1661961600000,159.605,159.705,157.14,157.17,32391630.0
1661976000000,157.22,157.77,155.77,156.0,10794238.0
1662019200000,156.0,156.95,155.51,156.58,286846.0
1662033600000,156.0,157.68,155.16,155.5107,32723272.0
1662048000000,155.515,158.42,154.67,157.97,34499054.0
1662062400000,157.99,158.7,157.88,158.62,2040236.0
1662105600000,157.86,158.55,157.55,158.18,143466.0
1662120000000,158.0,160.362,157.566,159.775,29647336.0
1662134400000,159.78,159.9,154.965,155.85,38560801.0
1662148800000,155.81,156.19,155.61,155.65,2549555.0
1662969600000,158.02,159.54,158.0,159.48,408422.0
1662984000000,158.92,162.89,157.61,161.895,44296337.0
1662998400000,161.9,164.26,161.73,163.45,48168993.0
1663012800000,163.43,164.18,163.27,164.15,3528474.0
1663056000000,164.07,164.9,164.07,164.68,299569.0
1663070400000,164.6937,164.9,156.25,156.335,47248192.0
1663084800000,156.33,156.76,153.37,153.85,57161909.0
1663099200000,153.84,154.3,153.57,154.26,5032568.0
1663142400000,154.9,155.33,153.26,153.38,472814.0
1663156800000,154.73,157.1,153.25,155.79,42238240.0
1663171200000,155.8,155.8675,153.6106,155.31,35783186.0
1663185600000,155.31,156.0,155.25,155.99,2525307.0
1663228800000,156.0,156.15,154.65,154.96,219947.0
1663243200000,155.05,155.78,151.78,152.645,38579727.0
1663257600000,152.64,154.3,151.38,152.35,41474216.0
1663272000000,152.36,152.68,151.1,151.35,3116394.0
1663315200000,151.35,151.55,150.53,151.04,309884.0
1663329600000,151.12,151.53,148.37,149.86,59832085.0
1663344000000,149.87,151.35,148.66,150.44,45419492.0
1663358400000,150.7,151.3,150.5131,151.3,10030397.0
1663574400000,149.97,149.97,148.71,149.15,288736.0
1663588800000,149.17,152.83,149.0412,151.94,33727756.0
1663603200000,151.9371,154.56,151.42,154.54,38295215.0
1664179200000,150.39,150.8,149.17,149.8,296066.0
1664193600000,149.78,153.7701,148.83,151.9,42151258.0
1664208000000,151.91,152.09,150.04,150.75,41412276.0
1664222400000,150.77,151.23,150.42,151.1,2796399.0
1664265600000,152.52,153.33,152.12,153.0,393154.0
1664280000000,152.7001,154.72,151.53,151.575,35137470.0
1664294400000,151.58,152.45,149.945,151.75,40431401.0
1664308800000,151.76,152.2,151.51,151.9,1595827.0
1664352000000,149.47,149.75,145.61,146.0,1893671.0
1664366400000,146.34,151.76,144.84,147.3601,70762173.0
1664380800000,147.37,150.6414,146.9,149.8,61986240.0
1664395200000,149.84,149.94,147.5515,149.37,2738462.0
1664438400000,148.19,148.19,145.38,146.59,1305957.0
1664452800000,146.64,149.466,142.35,143.585,56504105.0
1664467200000,143.59,143.94,140.68,142.59,58986409.0
1664481600000,142.48,142.93,141.6,142.41,2628055.0
1664524800000,143.59,143.59,141.79,141.96,545440.0
1664539200000,142.9238,143.3988,140.61,141.32,44096342.0
1664553600000,141.33,141.76,138.0,138.08,58169046.0
1664568000000,138.0,138.5,137.21,137.52,5719323.0
1664784000000,137.53,138.11,136.4,138.11,549802.0
1664798400000,137.58,141.585,136.7015,140.83,48234566.0
1665388800000,139.95,140.4,138.9,140.18,388059.0
1665403200000,140.14,140.85,138.5729,140.46,32121956.0
1665417600000,140.4679,141.89,139.055,140.35,35745182.0
1665432000000,140.42,141.2,140.26,140.92,1229684.0
1665475200000,139.69,140.05,139.0,139.86,290511.0
1665489600000,139.7,140.78,138.36,140.3809,31363365.0
1665504000000,140.405,141.35,138.22,138.95,38221235.0
1665518400000,139.05,139.34,138.71,139.24,1788834.0
1665561600000,140.22,140.59,139.75,140.32,208903.0
1665576000000,140.15,140.45,138.6507,139.99,29941172.0
1665590400000,140.0,140.09,138.16,138.295,32537520.0
1665604800000,138.34,138.77,138.31,138.61,1788926.0
1665648000000,138.8,139.45,138.36,139.27,267708.0
1665662400000,138.8,142.61,133.2,140.94,54696849.0
1665676800000,140.94,143.59,140.07,142.93,48184748.0
1665691200000,142.99,143.3,142.29,142.83,1484368.0
1665734400000,143.0,143.38,141.68,142.11,348482.0
1665748800000,143.01,144.66,139.24,139.64,39440092.0
1665763200000,139.64,140.21,138.19,138.38,37040409.0
1665777600000,138.38,138.55,138.0,138.08,3443081.0
1665993600000,142.99,142.99,139.58,140.37,296947.0
1666008000000,140.2,142.69,139.07,141.68,40299260.0
1666022400000,141.68,142.9,141.19,142.4,32549147.0
1666036800000,142.41,143.5,142.1,143.45,3768978.0
1666684800000,149.5,150.17,148.76,148.82,356309.0
1666699200000,148.8501,151.88,148.5,151.675,33940716.0
1666713600000,151.685,152.49,151.15,152.39,29870391.0
1666728000000,152.34,152.5,150.2,150.9,3488795.0
1666771200000,151.06,151.78,150.66,151.1,463620.0
1666785600000,151.09,151.96,149.53,151.5568,35816641.0
1666800000000,151.5599,151.99,148.04,149.51,40667911.0
1666814400000,149.35,150.7,148.49,149.8,3697985.0
1666857600000,148.94,149.1,147.92,147.97,360773.0
1666872000000,148.0535,149.5,145.54,146.1465,34053272.0
1666886400000,146.15,146.69,144.13,145.0,44543592.0
1666900800000,144.8,148.25,136.0,145.3499,23629730.0
1666944000000,143.69,146.65,143.69,145.67,760240.0
1666958400000,145.68,156.48,144.31,155.08,86788110.0
1666972800000,155.0718,157.5,154.75,155.71,65209531.0
1666987200000,155.74,156.4583,155.69,155.83,2753567.0
1667203200000,155.0,155.66,154.45,154.61,435699.0
1667217600000,154.9778,155.0526,151.92,153.28,41360174.0
1667232000000,153.26,154.24,152.62,153.45,35911746.0
1667246400000,153.42,153.65,152.91,153.46,3681997.0
1667289600000,153.59,155.15,153.04,154.94,238548.0
1667304000000,154.79,155.6501,149.13,150.06,39825509.0
1667318400000,150.05,151.09,149.61,150.57,31641329.0
1667984400000,140.05,140.05,138.4,139.4,208382.0
1667998800000,139.1821,140.0,136.145,136.61,25960175.0
1668013200000,136.61,136.7102,134.5933,134.87,35800863.0
1668027600000,134.83,135.5,134.73,135.27,3054916.0
1668070800000,134.87,136.19,134.87,135.74,218850.0
1668085200000,135.9216,143.7,135.08,143.1175,46378874.0
1668099600000,143.12,146.87,142.7201,146.8,48970479.0
1668114000000,146.76,147.59,146.66,147.2,6397152.0
1668157200000,148.06,148.74,146.9,147.43,640259.0
1668171600000,147.35,148.75,144.37,147.38,39590853.0
1668186000000,147.38,150.01,147.17,149.7,41345142.0
1668200400000,149.63,149.7,149.37,149.44,3463983.0
1668416400000,149.24,149.24,148.12,148.82,236535.0
1668430800000,148.44,149.7,147.43,148.4212,28240505.0
1668445200000,148.4299,150.28,148.07,148.37,32233396.0
1668459600000,148.28,148.95,148.21,148.76,4620648.0
1668502800000,149.51,150.34,149.49,150.25,312077.0
1668517200000,149.9264,153.59,147.91,152.7249,34751633.0
1668531600000,152.73,152.7689,148.5613,150.07,44464796.0
1668546000000,150.04,150.45,149.59,149.7,4251469.0
1668589200000,150.25,150.57,149.5,150.09,336941.0
1668603600000,150.5,151.23,147.29,148.43,27222235.0
1668618000000,148.43,149.5,148.18,148.78,25160917.0
1668632400000,148.83,149.38,148.6,148.9,2283310.0
1669366800000,151.16,151.16,149.47,149.49,292132.0
1669381200000,150.2283,151.15,147.12,148.295,22926006.0
1669395600000,148.29,148.4099,147.8,148.11,10435560.0
1669410000000,148.11,148.12,148.11,148.12,78821.0
1669626000000,147.05,147.64,145.03,145.5,492194.0
1669640400000,145.48,147.74,144.77,145.1599,27440697.0
1669654800000,145.16,145.7556,143.38,144.22,31347785.0
1669669200000,144.22,144.68,144.17,144.48,1748774.0
1669712400000,145.04,145.68,144.7,145.06,246873.0
1669726800000,145.2,145.47,141.2,142.1,40103336.0
1669741200000,142.11,142.11,140.355,141.16,36176990.0
1669755600000,141.15,141.33,140.95,141.31,1409327.0
1669798800000,143.5,143.82,141.5,141.9,232038.0
1669813200000,142.0106,142.37,140.55,141.56,24449253.0
1669827600000,141.565,148.03,140.68,148.01,53979072.0
1669842000000,148.04,148.29,147.71,148.18,10090946.0
1669885200000,148.08,148.08,147.04,147.96,297243.0
1669899600000,147.36,149.14,146.61,147.6599,32525017.0
1669914000000,147.65,149.0,147.1,148.33,28589810.0
1669928400000,148.31,148.3499,147.8,147.86,3150923.0
1669971600000,148.49,148.49,147.95,148.24,74579.0
1669986000000,148.1691,148.57,145.02,146.6371,25615855.0
1670000400000,146.64,148.0,146.05,147.8,26897322.0
1670014800000,147.81,147.87,147.41,147.5,3147566.0
1670230800000,148.0,148.42,147.37,147.78,230998.0
1670245200000,148.07,150.9199,146.37,146.468,34788771.0
1670576400000,143.69,144.12,142.97,144.03,200041.0
1670590800000,143.6492,145.12,140.9,145.009,30289474.0
1670605200000,145.01,145.57,142.07,142.19,29593179.0
1670619600000,142.16,142.21,141.9,141.95,6210491.0
1670835600000,142.14,142.77,142.14,142.54,109147.0
1670850000000,142.4899,143.01,141.06,141.9481,25002476.0
1670864400000,141.95,144.5,141.84,144.495,31815304.0
1670878800000,144.49,144.55,142.941054,144.44,5829044.0
1670922000000,144.74,145.73,144.4,145.71,238361.0
1670936400000,145.0379,151.0,144.0,146.2,40095717.0
1670950800000,146.2008,146.37,144.24,145.49,39689485.0
1670965200000,145.47,145.6,145.21,145.49,5421332.0
1671008400000,145.6,145.62,144.71,145.08,155916.0
1671022800000,144.95,146.655,144.9009,145.93,20540264.0
1671037200000,145.93,146.63,141.16,143.22,50009265.0
1671051600000,143.21,143.58,143.13,143.4,3776214.0
1671094800000,142.68,142.73,141.2,141.66,266201.0
1671109200000,142.08,142.3,137.71,137.87,35970729.0
1671123600000,137.865,138.2277,136.025,136.49,45060018.0
1671138000000,136.61,136.85,136.21,136.62,4974234.0
1671181200000,136.42,136.7,134.9,136.7,491661.0
1671195600000,136.0716,137.65,134.36,134.535,47355201.0
1671210000000,134.53,135.45,133.73,134.52,42901521.0
1671224400000,134.51,135.09,134.25,134.42,10001457.0
1671440400000,136.0,136.0,135.2,135.48,229098.0
1672131600000,132.52,133.24,131.62,131.62,253328.0
1672146000000,132.37,132.6985,128.72,129.95,34241815.0
1672160400000,129.9457,130.59,129.62,130.05,27582220.0
1672174800000,130.07,130.15,129.5,129.5,1792436.0
1672218000000,130.52,130.52,129.52,130.25,160324.0
1672232400000,130.15,131.0275,126.46,126.6245,36937568.0
1672246800000,126.6153,128.39,125.87,126.05,41285893.0
1672261200000,126.04,126.32,126.0,126.32,1854816.0
1672304400000,126.82,127.6,126.52,127.3,364495.0
1672318800000,127.23,130.4814,126.13,130.1005,38948766.0
1672333200000,130.11,130.37,129.325,129.6,29367041.0
1672347600000,129.61,129.6603,129.21,129.25,1338530.0
1672390800000,129.0,129.22,128.4,128.47,155311.0
1672405200000,128.8583,129.72,127.43,128.995,30947401.0
1672419600000,128.995,129.95,127.97,129.91,34167838.0
1672434000000,129.91,130.05,129.78,129.97,2108662.0
1672736400000,130.28,131.46,130.03,130.5,455137.0
1672750800000,130.25,131.36,124.49,124.7425,51535596.0
1672765200000,124.75,125.42,124.17,125.05,44490759.0
1672779600000,125.05,125.13,124.81,125.0,4126888.0
1672822800000,125.9,126.68,125.53,125.86,457276.0
1672837200000,126.071,128.44,125.08,127.77,40956103.0
1672851600000,127.77,128.6557,125.28,126.38,38257958.0
1672866000000,126.38,127.74,126.11,126.65,3154866.0
1673254800000,129.6,130.5,129.6,130.25,287018.0
1673269200000,130.2,133.41,129.955,132.945,32030899.0
1673283600000,132.94,132.955,129.89,130.19,30685738.0
1673298000000,130.18,131.709,129.76,129.85,2509990.0
1673341200000,130.02,130.5,129.32,129.75,226891.0
1673355600000,130.0334,131.2636,128.12,128.88,30307991.0
1673370000000,128.87,130.75,128.45,130.75,27991868.0
1673384400000,130.73,130.99,130.58,130.97,1222042.0
1673427600000,130.95,131.32,130.46,130.7,198272.0
1673442000000,130.85,132.37,130.404,132.29,28494754.0
1673456400000,132.3,133.51,132.165,133.48,30468332.0
1673470800000,133.49,133.5,133.14,133.49,2495923.0
1673514000000,134.0,134.16,133.32,134.16,199336.0
1673528400000,133.6302,134.66,131.44,133.08,32576662.0
1673542800000,133.08,134.22,132.42,133.385,31141654.0
1673557200000,133.38,133.5,133.12,133.12,1551624.0
1673600400000,133.43,133.6,132.13,132.15,165900.0
1673614800000,132.8,133.97,131.66,133.2131,26170400.0
1673629200000,133.21,134.92,133.1301,134.7,24834671.0
1673643600000,134.7,134.78,134.42,134.55,1739858.0
1673946000000,134.53,135.66,134.15,134.67,185221.0
1673960400000,134.57,137.29,133.51,135.86,32310497.0
1673974800000,135.87,136.4,135.31,135.93,22939107.0
1673989200000,135.94,136.05,135.49,135.5,2448076.0
1674032400000,136.28,136.88,136.02,136.88,177757.0
1674464400000,138.5,138.5,137.22,137.87,235320.0
1674478800000,137.5135,143.315,137.4285,142.9,37746154.0
1674493200000,142.9,142.9,140.36,141.1,36294147.0
1674507600000,141.13,141.1782,140.9,141.11,1998121.0
1674550800000,141.21,141.21,140.3,140.44,165100.0
1674565200000,140.44,142.498,139.59,142.1,29426594.0
1674579600000,142.095,143.16,141.81,142.5,27163646.0
1674594000000,142.55,143.41,141.69,141.82,4249706.0
1674637200000,141.93,141.93,140.91,141.33,199570.0
1674651600000,141.29,142.89,138.81,140.4807,30063006.0
1674666000000,140.4811,142.43,140.12,141.8501,27107349.0
1674680400000,141.83,142.15,141.16,142.06,2499409.0
1674723600000,142.9,143.42,142.21,143.31,161936.0
1674738000000,142.6,144.25,141.9,142.6799,23533632.0
1674752400000,142.68,144.04,142.49,143.92,23032027.0
1674766800000,143.93,144.0,143.41,143.69,1666655.0
1674810000000,143.48,143.69,143.1,143.57,147662.0
1674824400000,143.65,146.19,143.0,146.05,27153883.0
1674838800000,146.05,147.23,145.8,145.97,34308637.0
1674853200000,145.92,146.04,145.81,145.9,2020204.0
1675069200000,145.54,145.54,143.56,144.8,286269.0
1675083600000,144.31,145.64,143.37,144.1882,23780255.0
1675098000000,144.18,144.26,142.85,143.03,29138142.0
1675112400000,143.0,144.9,142.94,143.0,2595962.0
1675155600000,142.67,142.67,141.45,142.48,229724.0
1675760400000,151.79,152.1,151.6,151.95,175848.0
1675774800000,151.7,153.5999,150.33,153.014,28682170.0
1675789200000,153.015,155.23,151.36,154.64,42755062.0
1675803600000,154.62,154.66,153.87,154.15,1495890.0
1675846800000,154.15,154.38,153.5,153.83,299801.0
1675861200000,153.9108,154.58,151.46,152.23,26332843.0
1675875600000,152.237,152.31,151.168,151.945,26373804.0
1675890000000,151.92,152.5,151.92,152.4,2485725.0
1675933200000,152.98,153.79,152.93,153.37,273929.0
1675947600000,153.5,154.33,151.541,153.2399,22256664.0
1675962000000,153.24,153.61,150.42,150.88,23896010.0
1675976400000,150.87,151.55,150.55,150.75,3692602.0
1676019600000,150.4,150.75,148.7,148.93,294556.0
1676034000000,148.8588,151.3401,148.73,149.82,22216311.0
1676048400000,149.81,151.155,149.43,151.02,27474929.0
1676062800000,151.01,151.26,150.91,151.26,2729104.0
1676278800000,150.78,151.7,150.43,151.38,176175.0
1676293200000,151.07,153.69,149.98,153.42,21776634.0
1676307600000,153.44,154.26,152.76,153.84,29493297.0
1676322000000,153.84,153.89,153.6,153.7,2756256.0
1676365200000,153.5,154.34,153.4,154.04,129205.0
1676379600000,153.65,155.2,150.86,151.7,29679445.0
1676394000000,151.695,153.73,151.57,153.1,21710224.0
1676408400000,153.2,153.2,152.7,152.84,2191395.0
1676451600000,152.8,153.15,152.36,152.87,201226.0
1677056400000,148.94,150.0,148.11,149.18,277643.0
1677070800000,148.41,149.5,147.16,148.064,18766126.0
1677085200000,148.08,149.95,147.84,148.93,24245620.0
1677099600000,148.91,149.6,148.6118,149.18,1281680.0
1677142800000,149.74,149.9,149.06,149.73,159918.0
1677157200000,149.576,150.34,147.47,147.54,20802404.0
1677171600000,147.53,149.93,147.24,149.42,21083125.0
1677186000000,149.4,149.46,148.91,148.95,1689642.0
1677229200000,148.19,148.74,147.75,148.0,103323.0
1677243600000,148.003,149.39,145.73,146.4153,22754593.0
1677258000000,146.415,146.8,145.7202,146.71,23056368.0
1677272400000,146.71,146.8,146.3,146.4,2279952.0
1677488400000,146.95,147.33,146.8,147.07,132315.0
1677502800000,147.05,149.17,146.344,147.93,19086500.0
1677517200000,147.95,148.7901,147.68,147.9189,18743536.0
1677531600000,147.92,148.15,147.89,148.03,1931800.0
1677574800000,147.04,148.23,147.04,148.11,124180.0
1677589200000,147.8901,148.26,146.75,147.95,15994442.0
1677603600000,147.96,149.08,147.37,147.4,19790194.0
1677618000000,147.41,147.65,146.85,146.93,3315359.0
1677661200000,147.66,148.49,147.66,148.09,153069.0
1677675600000,148.1401,148.2001,145.41,146.4487,22668534.0
1677690000000,146.46,146.88,145.01,145.33,22465877.0
1677704400000,145.31,145.75,145.1,145.12,3706154.0
1677747600000,144.96,144.96,143.6,144.22,208157.0
1677762000000,144.39,144.947,143.54,144.3489,18318726.0
1678352400000,152.16,152.66,151.73,152.52,138657.0
1678366800000,152.35,154.535,151.8615,154.1,18816722.0
1678381200000,154.11,154.22,150.225,150.55,27838320.0
1678395600000,150.54,150.75,150.11,150.4,1306057.0
1678438800000,150.29,150.95,149.01,150.64,245628.0
1678453200000,150.3,152.0,148.89,149.85,26476518.0
1678467600000,149.86,150.05,147.6096,148.48,33080650.0
1678482000000,148.47,149.16,148.25,148.6,2138620.0
1678683600000,150.02,150.98,149.02,149.16,95132.0
1678698000000,149.11,150.95,146.28,147.63,988313.0
1678712400000,147.622,153.14,146.8,151.8,46860843.0
1678726800000,151.8,152.7,150.13,150.64,30063106.0
1678741200000,150.52,150.96,150.44,150.9,109360.0
1678770000000,150.95,151.32,150.67,151.07,25731.0
1678784400000,151.08,152.68,150.0,152.19,742031.0
1678798800000,152.16,153.4,150.99,152.56,27583392.0
1678813200000,152.5699,152.82,150.1,152.78,33141469.0
1678827600000,152.75,152.8099,152.44,152.77,143036.0
1678856400000,152.87,152.98,152.46,152.7,14293.0
1678870800000,152.71,152.94,150.0,150.66,818923.0
1678885200000,150.65,151.8484,149.92,150.585,33463208.0
1678899600000,150.585,153.31,150.5,152.8,33587921.0
1678914000000,152.79,152.95,152.61,152.7,111409.0
1678942800000,152.88,153.44,152.85,153.02,29233.0
1678957200000,153.15,153.25,152.11,152.55,379228.0
1678971600000,152.58,155.49,151.64,155.1071,37409295.0
1678986000000,155.1,156.46,154.4,155.95,29106928.0
1679000400000,155.92,155.99,155.67,155.81,144502.0
1679029200000,155.83,156.26,155.83,156.01,22139.0
1679043600000,156.11,156.19,155.3,155.74,460541.0
1679644800000,159.43,159.7,158.0,158.02,195550.0
1679659200000,158.18,159.56,157.82,159.09,24617327.0
1679673600000,159.1,160.34,158.18,160.25,24698517.0
1679688000000,160.266,160.39,159.82,160.2,3440790.0
1679904000000,160.25,160.25,159.38,160.12,218992.0
1679918400000,160.11,160.77,158.4,158.44,20760990.0
1679932800000,158.4365,159.21,157.87,158.3,22085466.0
1679947200000,158.28,158.48,158.03,158.37,1613872.0
1679990400000,157.95,158.06,157.26,157.7,147627.0
1680004800000,157.4904,158.49,156.08,156.91,19457725.0
1680019200000,156.92,157.73,155.98,157.67,19797969.0
1680033600000,157.65,157.78,157.52,157.7,2227326.0
1680076800000,158.66,158.8,158.33,158.74,129884.0
1680091200000,158.6001,160.3,157.256,159.87,19834244.0
1680105600000,159.88,161.05,159.51,160.78,23038620.0
1680120000000,160.78,160.94,160.21,160.35,1941510.0
1680163200000,161.15,161.47,160.86,161.15,167414.0
1680177600000,161.16,162.47,160.25,162.0846,20309900.0
1680192000000,162.09,162.38,161.35,162.37,19903308.0
1680206400000,162.36,162.47,162.2,162.44,4803188.0
1680249600000,162.39,162.5,161.84,162.11,81772.0
1680264000000,162.21,163.26,161.91,163.22,17882311.0
1680278400000,163.22,165.0,163.15,164.84,33609257.0
1680292800000,164.9,164.93,164.63,164.9,4706708.0
1680508800000,164.47,164.47,163.73,164.09,183929.0
1680523200000,164.0691,165.89,163.35,164.53,22012192.0
1680537600000,164.53,166.29,164.31,166.1,26217759.0
1681113600000,164.49,164.49,162.5,162.75,171067.0
1681128000000,163.35,163.75,160.08,161.1008,23927641.0
1681142400000,161.1,162.03,160.6,162.025,18266231.0
1681156800000,162.01,162.2,161.91,162.2,1603958.0
1681200000000,162.02,162.74,161.8,161.9,134924.0
1681214400000,162.1,162.36,160.51,160.975,19608366.0
1681228800000,160.979,161.83,160.55,160.8,20624976.0
1681243200000,160.79,161.0,160.65,161.0,3402410.0
1681286400000,160.7,161.1,160.62,160.91,68508.0
1681300800000,160.621,162.3,160.265,161.565,21028839.0
1681315200000,161.57,161.8019,159.78,160.13,22124744.0
1681329600000,160.13,160.34,159.75,159.8,2414289.0
1681372800000,160.05,161.27,160.05,160.5,121474.0
1681387200000,160.9087,163.79,159.7,163.7711,23556260.0
1681401600000,163.78,165.8,163.55,165.59,32543760.0
1681416000000,165.56,165.58,165.05,165.34,4040670.0
1681459200000,165.3,165.78,164.3,164.55,154725.0
1681473600000,165.05,166.32,163.87,164.9187,21146072.0
1681488000000,164.93,165.57,163.82,165.21,20654073.0
1681502400000,165.19,165.43,164.85,165.0,1997261.0
1681718400000,165.25,165.99,164.95,165.79,172650.0
1681732800000,165.65,166.2,164.03,164.47,18988548.0
1681747200000,164.4653,165.34,164.05,165.27,16338573.0
1681761600000,165.23,165.28,165.04,165.22,2038239.0
1681804800000,164.95,166.59,164.95,166.37,190604.0
1681819200000,166.06,167.41,164.63,165.71,21901254.0
1681833600000,165.71,166.74,165.68,166.46,19073695.0
1681848000000,166.47,166.53,166.02,166.46,3250007.0
1682323200000,164.84,164.98,164.06,164.73,130102.0
1682337600000,164.7,165.47,163.86,164.125,16441493.0
1682352000000,164.14,165.6,164.04,165.36,18039373.0
1682366400000,165.33,165.45,165.0,165.22,585440.0
1682409600000,164.93,165.1,164.23,164.87,142985.0
1682424000000,164.95,166.305,164.09,164.865,18786511.0
1682438400000,164.86,164.9263,163.73,163.8,21973957.0
1682452800000,163.82,164.72,163.52,164.16,1236877.0
1682496000000,164.84,164.84,162.66,162.89,378470.0
1682510400000,163.4,164.94,162.75,164.86,17749620.0
1682524800000,164.86,165.28,163.31,163.72,19681834.0
1682539200000,163.74,164.5,163.65,164.03,1762991.0
1682582400000,164.12,165.07,164.12,165.05,156865.0
1682596800000,164.58,166.905,163.54,166.6886,22017539.0
1682611200000,166.685,168.56,166.68,168.4,29210622.0
1682625600000,168.41,169.054,167.36,167.94,1994492.0
1682668800000,167.76,167.76,167.41,167.52,115140.0
1682683200000,167.6007,169.85,167.27,168.76,23051841.0
1682697600000,168.77,169.71,168.12,169.69,21856357.0
1682712000000,169.68,169.77,169.12,169.59,1132943.0
1682928000000,168.4,169.8,168.26,168.94,147886.0
1682942400000,169.15,170.29,168.64,169.65,21630607.0
1682956800000,169.6304,170.45,169.2,169.56,21768208.0
1682971200000,169.59,169.74,169.34,169.4,3634423.0
1683014400000,169.9,169.9,169.43,169.8,100238.0
1683028800000,169.7805,170.35,167.54,167.63,22094676.0
1683532800000,173.1,173.57,173.1,173.16,166996.0
1683547200000,173.27,173.82,172.11,173.76,27217885.0
1683561600000,173.77,173.85,172.96,173.52,18743274.0
1683576000000,173.5,173.53,173.25,173.28,4467021.0
1683619200000,173.43,173.43,172.5,172.73,112889.0
1683633600000,172.84,173.54,171.82,171.855,21245058.0
1683648000000,171.85,172.48,171.6,171.78,18320252.0
1683662400000,171.76,171.97,171.64,171.94,368256.0
1683705600000,171.63,171.8,170.85,171.7,84076.0
1683720000000,171.5987,174.03,171.19,173.49,22276115.0
1683734400000,173.4866,173.91,171.9,173.5504,22607331.0
1683748800000,173.53,173.65,173.31,173.65,464161.0
1683792000000,173.42,173.99,173.37,173.48,106218.0
1683806400000,173.7486,174.03,172.17,173.59,21089558.0
1683820800000,173.59,174.59,173.06,173.81,21218949.0
1683835200000,173.84,173.84,173.54,173.76,948538.0
1683878400000,174.0,174.05,173.5,173.6,77227.0
1683892800000,173.74,174.06,172.32,172.665,17534576.0
1683907200000,172.67,172.69,171.0,172.56,22428154.0
1683921600000,172.57,172.57,172.35,172.45,529932.0
1684137600000,172.59,173.32,172.59,173.0,190592.0
1684152000000,172.9219,173.3,171.47,172.3518,16661468.0
1684166400000,172.365,172.43,171.525,172.14,14792400.0
1684180800000,172.11,172.19,170.07,172.0,826089.0
1684224000000,172.59,172.67,171.91,172.01,51767.0
1684238400000,172.15,173.1383,171.33,172.22,20704605.0
1684252800000,172.225,172.725,171.7991,172.08,16822316.0
1684267200000,172.07,172.3,172.0106,172.23,851007.0
1684310400000,172.18,172.35,171.93,172.01,177879.0
1684828800000,174.55,174.56,173.5,173.5,153960.0
1684843200000,174.19,174.51,172.52,172.725,16157135.0
1684857600000,172.73,172.8105,171.275,171.55,24948490.0
1684872000000,171.57,171.9,171.35,171.76,3047468.0
1684915200000,171.49,171.49,170.41,170.5,211622.0
1684929600000,171.0983,172.27,170.07,171.0,17597390.0
1684944000000,171.005,172.4183,170.535,171.85,18488184.0
1684958400000,171.84,172.44,170.81,171.0,1903747.0
1685001600000,171.37,171.8,170.67,171.15,338067.0
1685016000000,171.1582,173.22,170.75,172.32,19920878.0
1685030400000,172.315,173.895,172.305,172.9984,22785687.0
1685044800000,172.98,173.5442,172.6,172.85,1506892.0
1685088000000,172.7,173.5,172.7,173.44,72476.0
1685102400000,173.35,175.77,172.57,175.12,20965327.0
1685116800000,175.12,175.665,174.84,175.38,23528369.0
1685131200000,175.38,175.68,175.3,175.5,411305.0
1685433600000,176.1,177.5,175.88,177.39,457644.0
1685448000000,176.7311,178.99,175.81,177.3215,25172768.0
1685462400000,177.33,177.975,176.59,177.33,22005379.0
1685476800000,177.34,177.7,177.1,177.66,1407382.0
1685520000000,177.48,177.5,176.45,177.1,139802.0
1685534400000,177.46,179.35,176.5,178.87,26538350.0
1685548800000,178.875,179.3,176.76,177.42,33432336.0
1685563200000,177.25,177.76,176.86,177.76,6534424.0
1685606400000,177.8,178.18,177.35,177.83,149877.0
1685620800000,177.8403,179.645,176.9306,179.58,23380618.0
1686124800000,179.07,179.2,178.2,179.06,188337.0
1686139200000,178.87,181.21,178.15,178.88,25488680.0
1686153600000,178.909,179.05,177.32,177.83,25834998.0
1686168000000,177.82,177.92,177.64,177.92,668818.0
1686211200000,177.69,178.36,177.21,177.75,121651.0
1686225600000,177.99,179.88,176.58,179.5099,18997864.0
1686240000000,179.505,180.84,179.01,180.55,22613985.0
1686254400000,180.58,180.6868,180.32,180.5,1101873.0
1686297600000,180.19,180.7,180.0,180.55,177332.0
1686312000000,180.45,182.19,180.05,180.92,21057969.0
1686326400000,180.9,182.23,180.63,181.05,19888670.0
1686340800000,180.96,181.1,180.72,180.81,562115.0
1686556800000,180.04,181.85,180.04,181.71,141410.0
1686571200000,181.57,182.53,180.97,182.3266,16818693.0
1686585600000,182.34,183.89,182.12,183.84,21081414.0
1686600000000,183.77,184.35,181.5,182.5099,3648839.0
1686643200000,182.76,182.87,182.01,182.29,386079.0
1686657600000,182.2485,184.15,182.17,183.12,24408508.0
1686672000000,183.12,183.55,182.44,183.32,21638575.0
1686686400000,183.3,183.34,183.05,183.0799,432463.0
1686729600000,183.31,183.62,183.25,183.35,75343.0
1686744000000,183.32,184.39,182.81,184.09,19639847.0
1686758400000,184.09,184.25,182.02,183.96,27046239.0
1686772800000,183.94,184.25,183.82,183.88,1849820.0
1686816000000,183.84,183.88,183.01,183.19,140247.0
1686830400000,183.25,185.9585,183.02,185.5484,25239758.0
1687420800000,183.66,183.78,183.2,183.38,92645.0
1687435200000,183.4383,186.73,183.07,186.34,22521406.0
1687449600000,186.35,187.045,185.6,186.97,19839644.0
1687464000000,187.0,187.24,186.95,187.02,883782.0
1687507200000,186.48,186.48,185.8,186.18,156216.0
1687521600000,186.16,186.69,185.01,186.5613,18601815.0
1687536000000,186.57,187.56,186.38,186.68,22178421.0
1687550400000,186.7,186.74,186.35,186.5,1856426.0
1687766400000,186.55,186.85,186.0,186.6,113204.0
1687780800000,186.3318,188.05,186.3,186.885,18183076.0
1687795200000,186.885,186.98,185.23,185.31,21539210.0
1687809600000,185.31,185.59,185.0,185.52,1074579.0
1687852800000,185.85,186.15,185.42,185.55,76496.0
1687867200000,185.82,187.22,185.27,187.115,18024571.0
1687881600000,187.12,188.39,187.05,188.04,22850479.0
1687896000000,188.06,188.08,187.7,187.9999,1677017.0
1687939200000,187.98,188.3,187.6,187.6,145199.0
1687953600000,187.9,189.56,187.6,189.3824,20341632.0
1687968000000,189.38,189.9,188.285,189.28,22924399.0
1687982400000,189.29,189.75,189.01,189.6594,969177.0
1688025600000,189.25,189.85,189.13,189.83,111485.0
1688040000000,189.7596,190.07,188.78,189.78,21692520.0
1688054400000,189.78,189.9,189.11,189.6,17136751.0
1688068800000,189.57,190.45,189.57,190.3,1922609.0
1688112000000,190.37,191.25,190.37,191.24,246079.0
1688126400000,190.98,193.15,190.32,192.3387,30929940.0
1688716800000,192.4,192.46,191.3,191.56,87165.0
1688731200000,191.63,192.44,190.24,191.7525,17692117.0
1688745600000,191.76,192.67,190.6,190.71,20771309.0
1688760000000,190.68,190.99,190.62,190.89,1427246.0
1688976000000,189.9,190.38,188.8,190.19,456206.0
1688990400000,189.27,190.68,187.15,187.53,28237945.0
1689004800000,187.5208,188.79,187.035,188.63,21979445.0
1689019200000,188.61,188.74,188.45,188.5701,1241460.0
1689062400000,188.8,189.54,188.55,189.44,145895.0
1689076800000,189.1,189.96,187.26,188.1917,17382406.0
1689091200000,188.2,188.38,186.6,188.06,23055860.0
1689105600000,188.08,188.26,187.7182,188.2,1014448.0
1689148800000,188.3,188.79,188.3,188.65,83799.0
1689163200000,188.59,191.7,188.11,188.6399,28982372.0
1689177600000,188.63,190.4027,188.57,189.82,20322273.0
1689192000000,189.78,190.0,189.53,189.99,2254963.0
1689235200000,190.55,190.86,190.55,190.75,100587.0
1689249600000,190.69,191.1,189.78,190.63,16865164.0
1689264000000,190.6301,191.19,190.33,190.54,16856597.0
1689278400000,190.53,190.59,190.3,190.31,1628595.0
1689321600000,190.65,190.78,189.64,189.86,218930.0
1689336000000,189.97,191.1799,189.78,190.48,16850293.0
1689350400000,190.49,190.74,189.63,190.72,17776913.0
1689364800000,190.69,190.81,190.3978,190.7,1682406.0
1689580800000,190.67,191.25,190.65,191.2,189462.0
1689595200000,190.8996,193.45,190.22,193.2313,20562949.0
1690185600000,192.6,193.26,192.3,192.93,192720.0
1690200000000,192.9,194.91,191.9,193.12,22867955.0
1690214400000,193.12,193.4599,192.25,192.735,15424059.0
1690228800000,192.75,193.68,192.66,193.45,1595115.0
1690272000000,193.58,193.66,193.3,193.54,68452.0
1690286400000,193.48,194.2,192.915,193.765,13138178.0
1690300800000,193.765,194.44,193.6,193.62,16153091.0
1690315200000,193.62,193.98,193.21,193.53,1462786.0
1690358400000,193.59,193.92,193.21,193.3,70203.0
1690372800000,194.05,194.83,193.19,194.78,14271312.0
1690387200000,194.7664,195.64,193.66,194.52,21706288.0
1690401600000,194.5,195.09,194.36,195.0,1849173.0
1690444800000,195.42,196.44,195.42,196.2,226323.0
1690459200000,196.09,197.2,194.5,195.83,17787655.0
1690473600000,195.8471,196.43,192.55,193.23,23681517.0
1690488000000,193.24,193.55,193.06,193.4,888771.0
1690531200000,194.03,194.9,194.03,194.69,91434.0
1690545600000,194.75,196.626,193.84,196.51,17648039.0
1690560000000,196.52,196.52,195.03,195.84,20107025.0
1690574400000,195.83,195.94,195.44,195.89,1022934.0
1690790400000,195.89,196.25,195.39,196.25,160558.0
1690804800000,196.0,196.71,195.26,196.1398,14916310.0
1690819200000,196.14,196.49,195.77,196.48,15473272.0
1690833600000,196.44,196.5,196.11,196.32,538908.0
1690876800000,196.35,196.35,195.8,195.9,115113.0
1690891200000,196.18,196.99,195.28,195.915,15231107.0
1690905600000,195.91,196.2701,195.35,195.6,13767671.0
1691395200000,183.04,183.49,182.26,182.54,340143.0
1691409600000,182.62,183.88,177.35,178.65,53315954.0
1691424000000,178.66,179.22,177.74,178.809,34387094.0
1691438400000,178.85,179.16,178.69,179.16,2576537.0
1691481600000,178.78,179.5,178.25,178.64,257435.0
1691496000000,179.17,179.84,177.58,177.865,33441292.0
1691510400000,177.8678,180.27,177.84,179.8,27820670.0
1691524800000,179.82,179.94,179.56,179.79,665066.0
1691568000000,180.77,181.47,180.56,181.06,213024.0
1691582400000,181.0,181.1,177.01,177.42,24730118.0
1691596800000,177.42,179.59,177.37,178.2,26153357.0
1691611200000,178.19,178.65,178.108,178.43,1453854.0
1691654400000,179.39,179.48,178.55,178.76,166703.0
1691668800000,179.14,180.75,178.01,178.355,24023488.0
1691683200000,178.35,178.9199,177.6,178.01,23722537.0
1691697600000,177.97,178.48,177.8,178.43,367520.0
1691740800000,178.43,178.48,177.37,177.93,135705.0
1691755200000,177.79,178.75,176.55,177.71,21579402.0
1691769600000,177.72,178.55,177.2001,177.89,22772204.0
1691784000000,177.79,177.87,177.58,177.75,402383.0
1692000000000,177.82,179.45,177.73,178.18,234087.0
1692014400000,178.45,179.69,177.305,179.01,18667133.0
1692028800000,179.015,179.52,178.59,179.51,16656569.0
1692043200000,179.45,179.93,179.31,179.91,1042253.0
1692086400000,179.4,179.4,178.1,178.47,163913.0
1692604800000,175.02,175.42,174.82,175.42,162491.0
1692619200000,175.2176,175.57,173.735,174.1501,16987864.0
1692633600000,174.14,176.13,174.05,175.8,18092441.0
1692648000000,175.84,175.84,175.4,175.4,1152293.0
1692691200000,176.16,177.04,176.16,176.95,210933.0
1692705600000,176.7408,177.43,175.89,176.7116,17515735.0
1692720000000,176.72,177.68,176.27,177.22,18369754.0
1692734400000,177.25,177.32,177.0,177.01,1118653.0
1692777600000,178.0,178.43,177.31,177.75,151923.0
1692792000000,177.92,181.3311,177.3101,181.13,24039828.0
1692806400000,181.13,181.55,180.63,181.14,19582226.0
1692820800000,181.16,181.9,180.52,181.32,2344061.0
1692864000000,182.04,182.78,181.39,181.49,308665.0
1692878400000,181.67,183.34,177.52,177.6099,20876813.0
1692892800000,177.61,178.31,176.01,176.33,20543064.0
1692907200000,176.38,176.65,175.88,176.33,1378568.0
1692950400000,176.46,177.21,176.36,177.2,143773.0
1692964800000,177.0,178.63,175.82,176.66,19156500.0
1692979200000,176.66,179.15,176.64,178.6,19792267.0
1692993600000,178.63,178.68,178.36,178.5899,1137456.0
1693209600000,178.8,179.08,178.46,179.08,68153.0
1693224000000,178.5684,180.28,178.545,178.91,15933142.0
1693238400000,178.9,180.59,178.7201,180.21,18434817.0
1693252800000,180.19,180.47,179.96,180.25,1332188.0
1693296000000,180.25,180.55,180.01,180.23,86514.0
1693310400000,180.39,183.53,179.35,183.185,19381853.0
1693900800000,188.5,189.2,187.31,187.78,292383.0
1693915200000,187.53,189.75,187.2,189.4,22568538.0
1693929600000,189.409,189.98,189.16,189.7,15983577.0
1693944000000,189.7,189.78,189.5,189.7,1017766.0
1693987200000,188.8,188.82,188.02,188.5,257118.0
1694001600000,188.46,189.5,183.53,184.15,33827032.0
1694016000000,184.145,184.32,181.47,182.9,38761083.0
1694030400000,182.9,183.0,182.32,182.56,1983277.0
1694073600000,181.48,181.9,177.0,178.39,1543857.0
1694088000000,177.55,182.52,173.54,176.975,64282883.0
1694102400000,176.97,178.14,175.95,177.56,37146207.0
1694116800000,177.58,178.3,176.7087,178.04,1711607.0
1694160000000,179.0,179.0,177.16,177.48,470520.0
1694174400000,177.7913,180.239,177.06,179.545,31566394.0
1694188800000,179.55,179.99,177.79,178.19,27622117.0
1694203200000,178.19,178.86,178.17,178.71,789408.0
1694419200000,179.35,180.11,179.25,180.04,421038.0
1694433600000,179.66,180.8,177.34,178.4201,27400931.0
1694448000000,178.42,179.95,178.25,179.38,23465636.0
1694462400000,179.36,179.55,179.0,179.55,1165172.0
1694505600000,179.78,180.02,179.07,179.75,198694.0
1694520000000,179.91,180.2,176.23,176.6801,28701131.0
1694534400000,176.685,177.87,174.82,176.31,53493442.0
1695196800000,178.98,179.45,178.52,178.65,155915.0
1695211200000,179.32,179.695,176.86,177.55,20509726.0
1695225600000,177.56,177.7951,175.4,175.49,27739355.0
1695240000000,175.5,175.66,175.0,175.0,1940495.0
1695283200000,175.01,175.03,174.2,174.5,306305.0
1695297600000,174.7,176.3,173.7,175.377,26111193.0
1695312000000,175.37,175.54,173.86,173.93,25750534.0
1695326400000,173.93,174.29,173.74,174.14,2101619.0
1695369600000,174.5,175.1,174.45,174.7,155095.0
1695384000000,174.74,176.62,174.05,176.1401,21548355.0
1695398400000,176.14,177.079,174.62,174.74,26954537.0
1695412800000,174.8,175.2,174.69,174.95,532880.0
1695628800000,175.58,175.58,173.99,174.46,216751.0
1695643200000,174.5,176.54,174.07,176.03,19615604.0
1695657600000,176.04,176.97,174.97,176.09,21260420.0
1695672000000,176.08,176.5,175.97,176.13,509536.0
1695715200000,175.19,175.51,174.93,175.42,84748.0
1695729600000,175.2,175.5927,172.415,172.86,26552888.0
1695744000000,172.8599,173.53,171.66,171.9,27770488.0
1695758400000,171.92,172.4,171.9,172.36,1378014.0
1695801600000,172.71,173.32,172.5,172.89,175208.0
1695816000000,172.6,173.17,170.02,170.4,24351270.0
1695830400000,170.4011,170.96,169.05,170.43,33169905.0
1695844800000,170.42,170.64,170.22,170.34,1207808.0
1695888000000,170.2,170.29,169.61,169.75,172544.0
1695902400000,170.0,171.6181,167.62,171.6,27556181.0
1696492800000,173.23,173.85,172.8,173.77,103553.0
1696507200000,173.69,174.408,172.68,173.4801,18875023.0
1696521600000,173.485,175.45,173.36,174.97,22785855.0
1696536000000,174.95,174.97,174.67,174.75,631694.0
1696579200000,175.08,175.56,174.82,175.15,100099.0
1696593600000,175.4105,176.84,172.75,176.7987,22639183.0
1696608000000,176.795,177.99,176.31,177.49,25125288.0
1696622400000,177.49,177.77,177.45,177.72,1577534.0
1696838400000,176.0,176.35,175.73,176.01,187303.0
1696852800000,175.94,177.36,175.5,177.195,15827864.0
1696867200000,177.2,179.05,177.18,179.0,20786233.0
1696881600000,178.99,179.01,178.79,178.88,631744.0
1696924800000,179.0,179.35,177.7,177.7,200090.0
1696939200000,178.25,179.68,177.7,179.565,16046131.0
1696953600000,179.56,179.72,177.95,178.41,21164871.0
1696968000000,178.39,178.58,178.3,178.54,692865.0
1697011200000,178.62,178.9,178.35,178.44,79666.0
1697025600000,178.58,179.32,177.6,178.7083,18651866.0
1697040000000,178.71,179.85,178.27,179.75,20444979.0
1697054400000,179.74,180.3883,179.74,180.36,935036.0
1697097600000,180.24,180.64,180.2,180.47,125071.0
1697112000000,180.27,182.34,179.49,181.94,24165222.0
1697126400000,181.94,182.29,179.04,180.73,25352034.0
1697140800000,180.7201,181.4988,180.69,181.45,931669.0
1697184000000,181.05,181.12,180.04,180.25,122946.0
1697198400000,180.1512,181.93,178.47,178.61,19197259.0
1697212800000,178.6,179.74,178.14,178.87,23545242.0
1697227200000,178.85,178.9,178.4,178.41,1348383.0
1697788800000,174.95,175.32,174.56,175.1,84387.0
1697803200000,174.77,175.8,172.64,173.64,26860165.0
1697817600000,173.65,174.72,172.8,172.84,25278728.0
1697832000000,172.88,173.29,172.64,172.78,1387803.0
1698048000000,172.6,172.6,170.0,170.81,350835.0
1698062400000,171.04,173.08,169.93,172.58,24985743.0
1698076800000,172.6,174.01,172.28,172.96,22799222.0
1698091200000,172.94,173.23,172.66,173.23,1190281.0
1698134400000,173.76,173.96,173.07,173.3,103619.0
1698148800000,173.57,173.74,171.81,172.7402,18298147.0
1698163200000,172.76,173.67,171.45,173.39,20070131.0
1698177600000,173.39,173.93,172.9,172.9,712431.0
1698220800000,172.56,172.97,172.28,172.51,89649.0
1698235200000,172.83,173.19,170.83,171.74,20990000.0
1698249600000,171.74,172.05,170.65,171.09,23758678.0
1698264000000,171.1,171.61,169.3,169.3,2023533.0
1698307200000,169.2,169.8,168.7,169.6,225561.0
1698321600000,169.5387,171.3775,166.52,167.2682,28598150.0
1698336000000,167.26,167.94,165.67,166.76,31214164.0
1698350400000,166.75,167.25,165.3,167.25,2011654.0
1698393600000,167.4,167.68,166.46,166.46,200477.0
1698408000000,167.02,168.96,166.28,168.37,21305641.0
1698422400000,168.35,168.49,166.83,168.285,24948756.0
1698436800000,168.22,168.3301,167.52,168.02,4164130.0
1698652800000,168.98,169.47,168.6,169.16,137530.0
1698667200000,169.16,171.17,168.35,169.92,21208259.0
1699257600000,177.03,177.2,176.58,176.83,76562.0
1699272000000,176.8,179.06,176.01,178.755,23485508.0
1699286400000,178.75,179.43,178.01,179.2101,21009333.0
1699300800000,179.21,179.33,178.7,178.98,13343300.0
1699315200000,178.95,178.98,178.85,178.98,16942.0
1699344000000,178.88,178.88,178.22,178.41,56940.0
1699358400000,178.5,181.27,178.33,181.215,20852310.0
1699372800000,181.215,182.44,180.52,182.0401,25083049.0
1699387200000,182.05,182.34,181.55,181.89,14203023.0
1699401600000,181.86,182.3,181.75,182.22,43304.0
1699430400000,181.86,181.98,181.66,181.84,63517.0
1699444800000,181.82,183.45,181.39,182.58,17147947.0
1699459200000,182.585,182.89,181.59,182.43,17072200.0
1699473600000,182.43,183.01,182.33,182.6,8676558.0
1699488000000,182.6,182.72,182.43,182.43,32875.0
1699516800000,182.69,182.69,181.51,182.11,73591.0
1699531200000,182.22,183.55,182.16,183.36,12742184.0
1699545600000,183.35,184.12,182.16,182.375,23528488.0
1699560000000,182.37,182.64,181.81,182.35,10230515.0
1699574400000,182.39,182.49,182.12,182.38,19148.0
1699603200000,182.08,182.32,181.78,182.04,60365.0
1699617600000,182.05,184.79,181.71,184.32,16159421.0
1699632000000,184.33,185.975,184.3,185.5801,22655104.0
1699646400000,185.585,186.565,185.58,186.03,15270498.0
1699660800000,186.03,186.26,186.0,186.26,23808.0
1699862400000,185.35,185.75,185.35,185.7,53967.0
1699876800000,185.7,186.4,184.21,184.645,14036532.0
1699891200000,184.64,185.14,184.39,184.95,14999976.0
1699905600000,184.94,185.08,184.6,184.8999,8951621.0
1699920000000,184.83,185.02,184.83,185.02,17952.0
1699948800000,184.99,185.47,184.99,185.05,33309.0
1699963200000,185.15,188.1,184.97,187.025,19766491.0
1699977600000,187.03,187.99,186.41,187.905,19123031.0
1699992000000,187.9,188.11,187.13,187.33,12863433.0
1700470800000,189.52,189.88,188.92,189.5,114996.0
1700485200000,189.68,191.669,189.13,191.3199,17516490.0
1700499600000,191.32,191.905,191.08,191.5,19194928.0
1700514000000,191.48,191.65,191.41,191.65,620365.0
1700557200000,191.41,191.44,190.92,191.15,69376.0
1700571600000,191.15,191.54,189.74,190.2219,16263658.0
1700586000000,190.235,190.73,190.04,190.65,16648726.0
1700600400000,190.66,190.77,190.25,190.3,654741.0
1700643600000,190.38,191.15,190.38,191.02,106556.0
1700658000000,190.72,192.93,190.1,191.6623,17792467.0
1700672400000,191.665,192.09,190.825,191.3,16158060.0
1700686800000,191.3,191.47,191.22,191.26,642051.0
1700816400000,191.26,191.26,190.67,190.77,59888.0
1700830800000,190.7989,191.35,189.25,189.6,14764023.0
1700845200000,189.6,190.0,189.5,189.97,7970879.0
1700859600000,189.97,189.99,189.9,189.9,3176.0
1701075600000,189.6,189.7,189.2,189.63,60877.0
1701090000000,189.67,190.42,188.9,190.27,15074714.0
1701104400000,190.27,190.67,189.52,189.78,15377527.0
1701118800000,189.79,190.2,189.79,190.15,700068.0
1701162000000,189.9,190.13,189.63,189.63,76341.0
1701176400000,190.05,191.08,189.4,190.71,14977517.0
1701190800000,190.715,190.81,189.585,190.39,16517910.0
1701205200000,190.37,190.45,189.0,189.94,1261317.0
1701248400000,189.9,190.68,189.8,190.47,156241.0
1701262800000,190.36,192.09,189.72,189.92,16246645.0
1701277200000,189.9201,189.93,188.97,189.35,15507694.0
1701291600000,189.35,189.63,189.31,189.61,5344482.0
1701334800000,189.44,190.05,189.31,189.98,55139.0
1701349200000,189.61,190.32,188.19,188.24,15205809.0
1701363600000,188.25,190.2,188.19,189.95,17642074.0
1701680400000,190.7,190.82,189.78,190.22,122900.0
1701694800000,190.11,191.24,187.4511,188.3601,19104290.0
1701709200000,188.365,189.66,188.19,189.45,16544049.0
1701723600000,189.43,189.43,189.03,189.21,906879.0
1701766800000,188.7,190.5,188.0,190.26,338408.0
1701781200000,188.605,194.4,188.15,193.2141,33399557.0
1701795600000,193.22,193.83,192.75,193.5,23319581.0
1701810000000,193.42,193.9,192.895,193.79,2331221.0
1701853200000,193.78,193.93,193.25,193.53,117611.0
1701867600000,193.5,194.76,192.205,193.04,17514420.0
1701882000000,193.03,193.235,192.11,192.33,15637596.0
1701896400000,192.37,192.45,192.11,192.2,506081.0
1701939600000,192.22,192.43,191.81,192.35,53144.0
1701954000000,192.26,194.98,191.88,194.87,19148612.0
1701968400000,194.87,195.0,194.01,194.24,17722865.0
1701982800000,194.21,194.29,193.85,194.0814,1524077.0
1702026000000,194.0,194.33,193.78,194.05,56676.0
1702040400000,193.85,195.0,193.44,194.4501,18013798.0
1702054800000,194.455,195.99,194.335,195.72,22885208.0
1702069200000,195.72,195.79,195.1825,195.79,1696427.0
1702285200000,195.01,195.5,194.46,194.95,230555.0
1702299600000,194.98,195.4763,191.42,191.98,30040958.0
1702314000000,191.97,193.31,191.81,193.19,19759952.0
1702328400000,193.22,193.52,193.01,193.42,613451.0
1702371600000,193.34,193.38,192.29,193.12,128053.0
1702386000000,192.73,193.62,191.721,193.435,18794803.0
1702400400000,193.435,194.72,193.07,194.67,19997777.0
1702414800000,194.71,194.83,194.56,194.7699,1924233.0
1702458000000,194.51,195.46,194.41,195.4,150571.0
1702976400000,195.76,196.52,195.75,196.5,105529.0
1702990800000,195.89,197.0,195.51,196.285,15720811.0
1703005200000,196.285,196.95,195.97,196.92,13327775.0
1703019600000,196.92,197.0,196.76,196.88,1282492.0
1703062800000,196.0,196.25,195.68,196.04,109848.0
1703077200000,196.04,197.68,195.95,197.3037,14951867.0
1703091600000,197.31,197.57,194.84,194.84,23093853.0
1703106000000,194.86,195.52,194.76,195.4,2324818.0
1703149200000,195.86,196.1,195.7,195.85,75552.0
1703163600000,195.9,197.08,194.29,194.49,17374591.0
1703178000000,194.4909,194.98,193.5,194.68,20004456.0
1703192400000,194.68,194.99,194.58,194.63,1778671.0
1703235600000,194.46,194.99,193.84,194.94,81374.0
1703250000000,194.665,195.41,194.01,194.13,13826782.0
1703264400000,194.1399,194.46,192.97,193.53,17187748.0
1703278800000,193.6,193.76,193.53,193.58,591502.0
1703581200000,193.8,194.12,193.7,193.87,36677.0
1703595600000,193.85,194.02,192.89,193.225,11335794.0
1703610000000,193.22,193.49,192.83,193.04,12731219.0
1703624400000,193.06,193.11,192.86,192.9,417952.0
1703667600000,193.0,193.0,192.74,192.91,38096.0
1703682000000,192.8214,193.05,191.09,192.1442,18089617.0
1703696400000,192.15,193.5,192.1111,193.19,21531331.0
1703710800000,193.15,193.23,193.0501,193.1794,696893.0
1703754000000,193.5,194.0,193.5,193.64,51991.0
1703768400000,193.69,194.66,193.4,194.13,13277593.0
1703782800000,194.125,194.43,193.17,193.58,15637450.0
1703797200000,193.59,193.92,193.58,193.78,444298.0
1703840400000,193.77,193.88,193.6,193.73,38297.0
1704272400000,185.0,185.0,184.31,184.31,155555.0
1704286800000,184.975,185.88,183.45,183.51,25661782.0
1704301200000,183.505,184.94,183.43,184.24,20196864.0
1704315600000,184.25,184.33,184.0,184.3,3341946.0
1704358800000,183.3,183.3,182.55,182.66,251351.0
1704373200000,182.83,184.94,180.88,181.44,30335833.0
1704387600000,181.44,183.07,181.43,181.92,25913877.0
1704402000000,181.91,182.1,181.64,181.9101,1684684.0
1704445200000,181.79,181.79,180.2,180.55,194406.0
1704459600000,181.01,182.76,180.18,182.1022,20257549.0
1704474000000,182.11,182.23,180.17,181.18,31649236.0
1704488400000,181.16,181.27,180.74,180.78,1454198.0
1704704400000,180.81,181.91,179.96,181.91,289559.0
1704718800000,181.15,183.885,179.68,183.835,20625249.0
1704733200000,183.84,185.6,183.83,185.55,23285791.0
1704747600000,185.56,185.59,185.08,185.22,1990861.0
1704790800000,185.34,185.34,184.16,184.55,144925.0
1704805200000,184.8,186.43,182.73,184.79,17264143.0
1704819600000,184.795,185.15,184.04,185.13,17375045.0
1704834000000,185.14,185.56,185.03,185.41,893239.0
1704877200000,184.88,185.41,184.69,184.7,168527.0
1704891600000,184.949,185.55,183.92,184.27,15540060.0
1704906000000,184.2913,186.4,184.08,186.15,21811244.0
1704920400000,186.14,186.78,186.13,186.7,1138362.0
1704963600000,187.0,187.42,186.81,186.95,125673.0
1704978000000,187.24,187.25,183.62,183.94,21156024.0
1705568400000,182.55,187.25,182.11,186.9,818329.0
1705582800000,185.79,188.96,182.04,188.4716,34955828.0
1705597200000,188.485,189.14,186.7501,188.73,30469098.0
1705611600000,188.63,188.97,187.75,188.69,3384032.0
1705654800000,188.89,190.58,188.89,189.84,429677.0
1705669200000,190.0,190.2,188.5,189.975,26199154.0
1705683600000,189.975,191.95,189.9,191.58,29451138.0
1705698000000,191.54,191.61,191.1,191.23,2136827.0
1705914000000,192.18,192.72,191.56,192.54,177012.0
1705928400000,191.9749,195.33,191.86,193.69,27995748.0
1705942800000,193.72,194.57,193.03,193.87,21481224.0
1705957200000,193.89,193.97,193.64,193.91,1811806.0
1706000400000,193.6,194.5,193.01,194.5,226471.0
1706014800000,193.67,195.75,193.3,194.64,17515488.0
1706029200000,194.63,195.25,194.495,195.15,18942670.0
1706043600000,195.16,195.18,194.81,195.15,855239.0
1706086800000,194.9,195.55,194.73,195.41,164902.0
1706101200000,195.13,196.38,194.61,195.86,22046606.0
1706115600000,195.86,196.08,194.34,194.51,21558126.0
1706130000000,194.5,194.54,193.82,193.91,2587719.0
1706173200000,194.0,194.5,193.42,193.94,127568.0
1706187600000,194.23,196.2675,193.6095,195.958,18407316.0
1706202000000,195.96,196.056,193.1125,194.19,26442788.0
1706216400000,194.17,194.55,193.75,194.17,1533130.0
1706259600000,193.31,194.7,193.07,194.5,147480.0
1706274000000,194.37,194.8599,193.0,194.0401,13888916.0
1706864400000,182.4,183.01,180.75,180.8,919415.0
1706878800000,182.0,187.33,179.25,186.33,55351178.0
1706893200000,186.335,187.12,184.854,185.84,32945957.0
1706907600000,185.83,185.88,185.06,185.11,2403701.0
1707123600000,186.0,187.4,185.24,187.38,466199.0
1707138000000,186.15,188.4,185.25,187.985,31506763.0
1707152400000,187.98,189.25,187.64,187.66,27014636.0
1707166800000,187.68,188.06,187.45,187.8,2397140.0
1707210000000,188.4,188.4,187.33,187.55,106695.0
1707224400000,187.8,189.02,186.52,188.815,19658243.0
1707238800000,188.82,189.31,188.17,189.29,16911747.0
1707253200000,189.3,190.0,189.08,190.0,1114284.0
1707296400000,189.36,190.0,189.25,189.96,121956.0
1707310800000,189.63,191.05,188.61,189.135,22295194.0
1707325200000,189.14,189.42,188.65,189.41,19364806.0
1707339600000,189.41,189.81,189.21,189.37,2647499.0
1707382800000,189.41,189.61,189.02,189.17,49619.0
1707397200000,189.2,189.64,187.35,188.4,17389724.0
1707411600000,188.4,188.75,187.99,188.34,15796783.0
1707426000000,188.32,188.32,188.12,188.2,430998.0
1707469200000,188.5,188.88,188.3,188.76,58278.0
1707483600000,188.54,189.99,188.0,189.77,17848304.0
1707498000000,189.775,189.84,188.565,188.83,18592660.0
1707512400000,188.85,188.89,188.5,188.53,874667.0
1707728400000,188.8,189.9,188.08,188.66,171424.0
1707742800000,188.4,188.9,187.3801,188.005,15672291.0
1708419600000,181.7,182.05,181.15,181.89,144661.0
1708434000000,181.9,182.57,180.0,181.085,20582173.0
1708448400000,181.1,181.66,180.4,181.62,19510731.0
1708462800000,181.56,181.9599,181.31,181.7,2495944.0
1708506000000,181.55,181.97,180.85,181.6,133462.0
1708520400000,181.66,182.8888,181.2449,182.12,15086709.0
1708534800000,182.12,182.39,180.66,182.32,17346045.0
1708549200000,182.32,182.98,181.55,182.98,1706075.0
1708592400000,183.8,183.98,183.03,183.18,208053.0
1708606800000,183.42,184.19,182.46,182.95,18548583.0
1708621200000,182.95,184.955,182.74,184.36,24314634.0
1708635600000,184.37,184.38,183.72,183.95,1295469.0
1708678800000,183.94,184.18,183.4,184.08,80073.0
1708693200000,183.8,185.35,182.64,182.92,16015590.0
1708707600000,182.915,183.03,182.23,182.52,21213831.0
1708722000000,182.52,182.9,182.23,182.28,1296872.0
1708938000000,182.27,182.3,181.82,182.06,77485.0
1708952400000,182.15,182.76,180.74,181.205,16207398.0
1708966800000,181.205,181.78,180.65,181.14,16574223.0
1708981200000,181.16,181.19,181.0,181.03,959396.0
1709024400000,180.6,181.22,180.6,181.16,83635.0
1709038800000,180.89,181.67,180.3,180.82,13046172.0
1709053200000,180.8227,183.9225,179.56,182.63,34299716.0
1709067600000,182.63,183.27,182.63,183.06,1324980.0
1709110800000,183.3,183.3,181.9,182.16,215534.0
1709125200000,182.75,183.47,180.96,181.24,19162478.0
1709542800000,179.93,179.93,176.7,176.7,452676.0
1709557200000,178.36,179.42,173.9,174.1201,38198463.0
1709571600000,174.1112,175.645,173.79,175.09,33860824.0
1709586000000,175.1,175.2,174.5,174.6,1805704.0
1709629200000,173.0,173.4,171.0,171.02,662425.0
1709643600000,172.18,174.33,169.62,170.25,44064957.0
1709658000000,170.2501,170.895,169.79,170.17,34827933.0
1709672400000,170.12,170.49,169.8,169.86,3462803.0
1709715600000,170.12,172.0,169.63,170.82,282103.0
1709730000000,170.69,171.75,168.93,169.745,30709360.0
1709744400000,169.75,170.35,168.68,169.12,28048166.0
1709758800000,169.12,169.24,168.45,168.45,1684085.0
1709802000000,168.19,169.92,167.9,169.79,385128.0
1709816400000,168.83,170.0,167.35,169.22,26624371.0
1709830800000,169.225,170.73,168.9,168.98,33289496.0
1709845200000,169.0,169.02,168.5,168.96,2490907.0
1709888400000,169.6,170.28,169.29,169.72,211946.0
1709902800000,169.48,172.48,168.94,171.49,30747329.0
1709917200000,171.48,173.7,170.72,170.74,37010926.0
1709931600000,170.73,171.17,170.0,170.48,1052072.0
1710133200000,171.0,171.67,170.76,170.96,59079.0
1710147600000,171.01,172.0,170.91,171.8976,620846.0
1710162000000,171.9,174.38,171.6311,172.61,31544972.0
1710176400000,172.606,173.42,172.05,172.94,19231475.0
1710748800000,173.4,174.8,172.41,174.64,479952.0
1710763200000,173.1,177.71,172.41,175.64,34798185.0
1710777600000,175.64,175.65,173.52,173.7,25916086.0
1710792000000,173.72,174.1153,173.0,173.59,1732853.0
1710835200000,173.9,174.41,173.15,173.35,115413.0
1710849600000,173.74,175.415,173.03,175.21,20092879.0
1710864000000,175.215,176.605,174.88,176.08,23190992.0
1710878400000,176.08,176.08,175.4,175.65,1798293.0
1710921600000,175.9,176.5,175.41,176.2,124185.0
1710936000000,175.92,176.53,175.09,176.16,14377112.0
1710950400000,176.15,178.67,176.0575,178.65,28793991.0
1710964800000,178.67,178.68,175.83,176.4,2554992.0
1711008000000,177.03,177.03,176.11,176.9,262615.0
1711022400000,176.68,177.66,171.83,171.98,51875589.0
1711036800000,171.985,172.6,170.84,171.4,41823437.0
1711051200000,171.37,171.79,171.04,171.6999,2788607.0
1711094400000,171.68,171.84,171.02,171.05,196348.0
1711108800000,171.66,172.88,170.06,172.59,33945524.0
1711123200000,172.5904,173.05,172.08,172.25,24261856.0
1711137600000,172.28,172.46,172.08,172.29,2370647.0
1711353600000,172.2,172.2,171.07,171.19,160747.0
1711368000000,171.4,172.27,169.45,170.62,22481363.0
1711382400000,170.62,171.94,170.38,170.85,21410881.0
1711396800000,170.86,171.1496,170.05,170.92,1726068.0
1711440000000,171.05,171.75,171.01,171.45,102431.0
1712044800000,169.71,170.08,169.35,169.41,119859.0
1712059200000,169.6,169.93,168.2302,168.65,17838258.0
1712073600000,168.65,169.2201,168.37,168.94,19005941.0
1712088000000,168.84,169.48,168.71,169.4,2650395.0
1712131200000,169.3,169.3,168.5,169.06,92016.0
1712145600000,168.74,170.68,168.42,170.4,16679914.0
1712160000000,170.405,170.61,169.28,169.66,21717914.0
1712174400000,169.67,170.64,169.25,170.14,853688.0
1712217600000,169.99,170.31,169.9,170.2,60199.0
1712232000000,170.19,171.765,169.83,171.73,15807943.0
1712246400000,171.73,171.92,168.83,168.89,28386831.0
1712260800000,168.86,169.55,168.77,169.22,1276002.0
1712304000000,169.2,169.94,169.1,169.7,73323.0
1712318400000,169.4,170.24,168.81,170.21,17170100.0
1712332800000,170.21,170.39,169.35,169.6,17345933.0
1712347200000,169.56,169.99,169.25,169.47,1249674.0
1712563200000,169.6,169.6,168.85,169.11,124023.0
1712577600000,169.22,169.61,168.24,168.64,14985041.0
1712592000000,168.64,168.96,168.26,168.46,15105512.0
1712606400000,168.45,168.55,168.26,168.27,1196538.0
1712649600000,168.51,168.51,167.8,168.3,119402.0
1712664000000,168.02,170.08,168.02,168.975,17698263.0
1712678400000,168.9726,169.73,168.35,169.69,19022760.0
1712692800000,169.67,169.79,169.43,169.76,1290372.0
1712736000000,169.86,170.4,169.81,170.38,115891.0
1712750400000,170.18,170.91,167.11,167.6401,22218646.0
1712764800000,167.645,168.685,167.585,167.75,20090476.0
1713340800000,169.68,170.05,169.43,169.7,81068.0
1713355200000,169.95,170.65,168.87,168.9299,20785491.0
1713369600000,168.93,169.18,168.0,168.0,21759971.0
1713384000000,168.0,168.45,168.0,168.35,1361691.0
1713427200000,168.8,169.0,167.84,167.95,140200.0
1713441600000,168.42,169.0,167.14,167.84,15783069.0
1713456000000,167.84,167.96,166.55,167.0101,19492706.0
1713470400000,167.04,167.44,166.6,166.8,1480770.0
1713513600000,165.18,167.88,164.72,167.04,213059.0
1713528000000,166.9,167.41,164.35,164.375,25395890.0
1713542400000,164.37,165.67,164.075,164.93,29126839.0
1713556800000,165.0,165.1,164.32,164.4,1837128.0
1713772800000,165.5,166.33,165.4,165.81,191778.0
1713787200000,165.61,166.36,164.588,165.655,16509973.0
1713801600000,165.6624,167.26,165.43,165.84,22104859.0
1713816000000,165.84,166.0786,165.51,165.77,639161.0
1713859200000,165.8,166.25,165.0,165.6,278990.0
1713873600000,165.7,166.98,164.81,166.359,18804928.0
1713888000000,166.36,167.05,166.0574,166.91,18129165.0
1713902400000,166.9,167.26,166.49,166.94,3585093.0
1713945600000,167.19,167.77,166.32,166.8,191091.0
1713960000000,166.96,168.73,166.13,168.59,18105290.0
1713974400000,168.5903,169.3,168.11,168.95,20368613.0
1713988800000,169.02,169.5,168.03,169.1,1693375.0
1714032000000,168.83,169.31,168.62,169.15,87973.0
1714046400000,168.7966,170.61,167.89,168.55,20146623.0
1714636800000,170.5,171.5,170.5,170.89,159296.0
1714651200000,171.15,173.1197,170.7,172.1,25610771.0
1714665600000,172.105,173.415,171.93,173.08,33980206.0
1714680000000,173.11,186.6453,172.66,183.46,24677159.0
1714723200000,183.1,184.06,182.41,183.59,1052586.0
1714737600000,183.6,187.04,181.71,184.595,78771262.0
1714752000000,184.59,185.99,183.05,183.39,60592154.0
1714766400000,183.38,184.0,183.08,183.78,11495653.0
1714982400000,180.4,182.99,180.3,182.62,536632.0
1714996800000,182.39,184.2,180.5,182.315,32470737.0
1715011200000,182.315,182.38,180.42,181.7,34880432.0
1715025600000,181.71,183.9,181.3,182.89,1624039.0
1715068800000,183.02,183.68,182.47,183.28,233812.0
1715083200000,183.15,184.9,181.43,181.57,38343869.0
1715097600000,181.5699,182.92,181.32,182.37,24664299.0
1715112000000,182.4,182.75,182.212,182.23,5671086.0
1715155200000,182.3,183.75,182.3,182.7,199721.0
1715169600000,182.96,183.0,181.45,182.25,16691200.0
1715184000000,182.2487,183.07,182.03,182.75,19729969.0
1715198400000,182.74,182.86,182.03,182.46,1370974.0
1715241600000,182.75,182.75,182.12,182.42,42773.0
1715256000000,182.41,183.86,182.11,183.541,17739222.0
1715270400000,183.55,184.66,183.435,184.65,22472213.0
1715284800000,184.57,185.0,184.47,184.79,1662123.0
1715328000000,184.57,185.0,184.56,184.79,81740.0
1715932800000,189.78,189.91,189.5,189.82,39430.0
1715947200000,189.78,190.81,189.18,189.58,15532979.0
1715961600000,189.5787,190.15,189.38,189.93,16524480.0
1715976000000,189.87,190.07,189.82,189.92,2061433.0
1716192000000,189.84,190.1,188.27,189.02,145605.0
1716206400000,188.98,191.9199,188.8,191.275,19332414.0
1716220800000,191.27,191.815,189.71,191.08,15383365.0
1716235200000,191.04,191.33,191.04,191.19,3865756.0
1716278400000,191.18,191.67,190.74,191.52,62035.0
1716292800000,191.29,192.65,190.9201,192.105,16811417.0
1716307200000,192.11,192.73,191.78,192.36,17418074.0
1716321600000,192.35,192.68,192.33,192.48,1263569.0
1716364800000,192.42,192.57,191.73,192.17,83846.0
1716379200000,191.87,192.8231,191.66,191.829,11899280.0
1716393600000,191.83,191.87,190.27,190.98,15005902.0
1716408000000,190.9,191.3,190.28,190.46,1256956.0
1716451200000,190.65,191.25,190.65,191.25,66387.0
1716465600000,190.85,191.46,188.505,189.685,18003599.0
1716480000000,189.685,189.69,186.625,186.91,20653955.0
1716494400000,186.88,187.3,186.63,187.28,2013611.0
1716537600000,187.9,188.65,187.58,188.01,121192.0
1716552000000,188.25,190.29,186.88,190.175,15589768.0
1716566400000,190.175,190.58,189.82,190.0,13736990.0
1716580800000,189.98,190.1,189.91,189.95,926823.0
1716883200000,190.8,194.81,190.59,193.5,742348.0
1716897600000,193.56,194.5202,190.33,191.475,21825399.0
1716912000000,191.47,191.76,189.1,190.1,20257856.0
1716926400000,189.99,190.24,189.91,190.15,2365535.0
1717401600000,192.45,193.3,192.45,192.95,209489.0
1717416000000,192.8014,194.99,191.77,193.93,23095976.0
1717430400000,193.9202,194.11,192.84,194.09,19144911.0
1717444800000,194.03,194.4,194.02,194.08,1138293.0
1717488000000,194.03,194.03,193.02,193.68,78569.0
1717502400000,193.41,195.0,193.0342,193.8499,17403510.0
1717516800000,193.845,195.32,193.845,194.365,19294552.0
1717531200000,194.35,194.99,194.08,194.64,2842941.0
1717574400000,194.99,195.2,194.58,194.83,118043.0
1717588800000,194.79,196.9,194.6678,196.02,21936159.0
1717603200000,196.01,196.7,195.59,195.9,22511239.0
1717617600000,195.87,195.87,195.34,195.53,2219173.0
1717660800000,195.65,196.04,195.63,195.67,124816.0
1717675200000,195.9,196.5,195.18,195.53,15596150.0
1717689600000,195.535,196.07,194.17,194.48,17949307.0
1717704000000,194.48,194.76,193.94,194.59,970136.0
1717747200000,195.02,195.12,194.7,195.12,79842.0
1717761600000,195.0,195.97,193.45,195.85,20941938.0
1717776000000,195.86,196.94,195.58,196.9,25317074.0
1717790400000,196.89,196.97,196.53,196.9,1326132.0
1718006400000,197.0,197.8,197.0,197.59,249173.0
1718020800000,197.32,198.32,194.83,195.23,23395609.0
1718035200000,195.235,196.45,192.15,193.13,62629511.0
1718049600000,193.12,193.21,192.22,192.33,3008503.0
